6.316133189028e+05  5.832712129992e-13  1.000000000000e+02  1.396424004377e+03
0.000000000000e+00  -5.832712129992e-13  1.000000000000e+02  -1.396424004377e+03
8.561776013232e+03  -7.500000000000e+03  5.000000000000e+01  0.000000000000e+00
3.709913027005e+03  0.000000000000e+00  2.183516223196e+02  0.000000000000e+00
1.001738109136e+02  0.000000000000e+00  4.367032446393e+02  0.000000000000e+00
-1.221748774811e+03  0.000000000000e+00  6.550548669589e+02  0.000000000000e+00
-1.703086243947e+03  0.000000000000e+00  8.734064893041e+02  0.000000000000e+00
-1.750746774198e+03  0.000000000000e+00  1.091758303199e+03  0.000000000000e+00
-1.595905621287e+03  0.000000000000e+00  1.310214863043e+03  0.000000000000e+00
-1.481112470088e+03  0.000000000000e+00  1.535085331822e+03  0.000000000000e+00
-1.728553125406e+03  0.000000000000e+00  1.824552807407e+03  0.000000000000e+00
-1.913016508256e+03  0.000000000000e+00  2.329253720059e+03  0.000000000000e+00
-1.128782219999e+03  0.000000000000e+00  3.393070901502e+03  0.000000000000e+00
2.432497836940e+03  0.000000000000e+00  6.673418886524e+03  0.000000000000e+00
