==============================================
 Frequencies [cm^-1]     Coefficients [cm^-1]
==============================================
-4.465732866433e+02      1.465792925577e+01
-4.142571285643e+02      1.626508488125e+01
-3.819409704852e+02      2.038441487192e+01
-3.496248124062e+02      2.321985599030e+01
-3.173086543272e+02      2.795218495408e+01
-2.858429214607e+02      3.176685133815e+01
-2.535267633817e+02      3.827819148302e+01
-2.212106053027e+02      4.355837999619e+01
-1.888944472236e+02      5.055578543887e+01
-1.574287143572e+02      5.674449138945e+01
-1.251125562781e+02      6.646039625156e+01
-9.279639819910e+01      7.422858807297e+01
-6.048024012006e+01      8.589098286954e+01
-2.901450725363e+01      9.512954894760e+01
-1.000500250125e-01      1.061406995818e+02
2.881440720360e+01      1.018614225166e+02
6.028014007004e+01      9.998644412841e+01
9.344672336168e+01      9.369752572036e+01
1.257628814407e+02      8.930421949276e+01
1.589294647324e+02      8.480623007467e+01
1.912456228114e+02      7.880735837263e+01
2.235617808904e+02      7.436952886635e+01
2.558779389695e+02      6.899950424662e+01
2.881940970485e+02      6.403148676161e+01
3.205102551276e+02      5.893956431320e+01
3.528264132066e+02      5.400918855508e+01
3.851425712856e+02      4.937649590050e+01
4.174587293647e+02      4.477172993044e+01
4.497748874437e+02      4.072894387323e+01
4.820910455228e+02      3.658630484710e+01
5.144072036018e+02      3.317732338683e+01
5.467233616808e+02      2.955127146587e+01
5.790395197599e+02      2.672521291442e+01
6.113556778389e+02      2.374580325994e+01
6.445222611306e+02      2.163834724791e+01
6.768384192096e+02      1.841791671633e+01
7.091545772886e+02      1.722768425375e+01
7.423211605803e+02      1.460401568141e+01
7.746373186593e+02      1.347488025620e+01
