0	0	 
0.044111833	0.020456861	
0.060689183	0.010572616	
0.23133838	0.025107051	
0.50983787	0.059060245	
0.594089817	0.041384547	
0.602866061	0.036151711	
0.612617444	0.030337449	
0.719882653	0.082664588	
0.724758345	0.079757457	
0.767664429	0.054174704	
0.781316364	0.046034738	
0.904183786	0.089059057	
0.928562243	0.074523402	
0.936363349	0.069871993	
0.946114732	0.064057731	
0.957816391	0.057080616	
1.026583142	0.085848853	
1.068007015	0.107663476	
1.078733536	0.101267788	
1.239631351	0.121616486	
1.249382734	0.115802224	
1.254063397	0.117662739	
1.256208701	0.111732241	
1.42588276	0.126848103	
1.534903219	0.117660984	
1.614084446	0.130916867	
1.800335856	0.136148484	
1.986587265	0.141380101	
2.143584526	0.164054503	
2.150410494	0.15998452	
2.156261324	0.156495963	
2.165037568	0.151263127	
2.172838674	0.146611718	
2.280946341	0.139975262	
2.463429879	0.205914751	
2.510821599	0.205565603	
2.526813866	0.168122049	
2.645780735	0.213472073	
2.672109468	0.197773566	
2.683811128	0.190796452	
2.690637095	0.186726468	
2.716965829	0.171027961	
2.832032144	0.21870369	
2.888590164	0.184980971	
3.030375268	0.230679704	
3.097269754	0.176839785	
3.116031414	0.179607227	
3.394686926	0.232072836	
3.404438309	0.226258574	
3.57801292	0.239048731	
3.724283661	0.268118822	
3.795663782	0.276723393	
3.954416292	0.24718626	
4.106537862	0.272767793	
4.117225378	0.25244128	
4.126040628	0.261139269	
4.13579201	0.255325008	
4.273286506	0.289627934	
4.282062751	0.284395098	
4.290838995	0.279162263	
4.460513054	0.294278125	
4.508294829	0.265788241	
4.528349354	0.299961216	
4.840816979	0.300089949	
5.025118112	0.306484418	
5.125440337	0.321089064	
5.382993857	0.325669044	
5.392745239	0.319854783	
5.401521484	0.314621947	
5.406280159	0.321087309	
5.40932259	0.309970537	
5.549742501	0.342529185	
5.558518745	0.337296349	
5.566319851	0.33264494	
5.646398206	0.345365911	
5.73599391	0.347760802	
5.884214927	0.37566804	
5.892991172	0.370435205	
5.912493937	0.358806681	
5.921270181	0.353573845	
6.029510529	0.405319557	
6.037311635	0.400668148	
6.042187327	0.397761017	
6.051938709	0.391946755	
6.057789539	0.388458198	
6.064615507	0.384388214	
6.071441475	0.380318231	
6.097770208	0.364619724	
6.105571314	0.406481922	
6.17437707	0.36545649	
6.402013348	0.415782791	
6.413715007	0.408805677	
6.421516113	0.385548824	
6.586314481	0.42217726	
6.964668129	0.429151937	
7.148969262	0.435546406	
7.332295257	0.442522301	
7.486367103	0.466940982	
7.497093624	0.460545294	
7.504894731	0.455893885	
7.51659639	0.44891677	
7.671643375	0.472754025	
7.7021457	0.459218375	
7.742867474	0.434938017	
7.850093678	0.482637052	
7.857894784	0.477985642	
8.034394811	0.489031521	
8.182381794	0.50777558	
8.218695944	0.49542599	
8.218890971	0.486006983	
8.4010468	0.502983312	
8.570720859	0.518099174	
8.580472241	0.512284912	
8.589248486	0.507052076	
8.710360659	0.527866159	
8.756972268	0.523330791	
8.944198816	0.527980981	
8.957499702	0.547958493	
9.129475087	0.533794024	
9.30792539	0.543677051	
9.317676773	0.537862789	
9.489301108	0.551815798	
9.506853597	0.541350127	
9.67457738	0.557628841	
9.722788216	0.594002181	
9.76350999	0.569721824	
9.850102268	0.569256146	
9.860828789	0.562860458	
10.0344034	0.575650615	
10.21675426	0.583207937	
10.51756491	0.622463542	
10.58828194	0.594252597	
10.59803332	0.588438335	
10.73650295	0.622159835	
10.74917975	0.614601295	
10.76088141	0.60762418	
10.77355821	0.60006564	
11.03290598	0.650089404	
11.11290633	0.630297364	
11.2981826	0.636110407	
11.44737875	0.663436219	
11.45810527	0.657040531	
11.48248373	0.642504876	
11.63265502	0.669249262	
11.65313293	0.657039312	
11.66971028	0.647155067	
11.82085671	0.673318027	
12.1113309	0.676874502	
12.38058608	0.688431451	
12.38936232	0.683198615	
12.55611097	0.700058756	
12.56586235	0.694244494	
12.59718379	0.722082692	
12.63228877	0.70115135	
12.68580435	0.739013092	
12.69555574	0.73319883	
12.70628226	0.726803142	
12.71895906	0.719244601	
12.72676016	0.714593192	
12.73846182	0.707616077	
12.80640946	0.764780877	
12.85742869	0.752966102	
12.87205576	0.744244709	
13.04075468	0.759941997	
13.11954586	0.745522286	
13.2143293	0.772732154	
13.40253098	0.776800919	
13.58585698	0.783776814	
13.60680295	0.789893223	
13.76333214	0.794241267	
13.77308353	0.788427005	
13.85253779	0.81082281	
14.12608358	0.810518762	
14.13290955	0.806448779	
14.14071065	0.801797369	
14.29770791	0.824471772	
14.30648416	0.819238936	
14.60585161	0.873309134	
14.66923559	0.835516432	
14.67801184	0.830283596	
14.79307815	0.877959325	
14.80575495	0.870400784	
14.84573562	0.84656231	
14.89726193	0.857701998	
14.93096271	0.837607908	
14.96275221	0.893075187	
14.97445387	0.886098073	
15.01150913	0.864003877	
15.02223565	0.857608189	
15.03296217	0.851212501	
15.17728263	0.881445444	
15.342081	0.899468437	
15.419624	0.881141591	
15.53028269	0.903537202	
15.61480767	0.932212313	
15.65272105	0.909606462	
15.89888495	0.91632614	
15.91058661	0.909349026	
16.08318608	0.922720609	
16.15402013	0.945604862	
16.24310876	0.943650733	
16.24700931	0.941325029	
16.25773583	0.93492934	
16.46446515	0.927951007	
16.62048727	0.951206836	
16.69744518	0.95648565	
16.9959155	0.959925791	
17.00274147	0.955855808	
17.18411719	0.963994555	
17.24227444	0.966529184	
17.56637139	0.968643527	
18.07215611	0.974059201	
18.14170297	0.974454132	
18.72483566	0.975613328	
19.48197201	0.97070141	
19.7019242	0.974444381	
20.28993258	0.972696446	
20.88086637	0.969204232	
21.27482223	0.966876089	
21.46470115	0.960642079	
21.66975323	0.96396652	
22.06760964	0.959312673	
22.32407101	0.950589769	
22.46351578	0.955821678	
22.66634454	0.951169049	
22.86722302	0.947679273	
23.18624926	0.938862951	
23.26117888	0.945351131	
23.46303251	0.941279928	
23.66196071	0.938953005	
24.04421491	0.929647894	
24.05981713	0.934299157	
24.2577702	0.93255366	
24.26167075	0.930227955	
24.65757689	0.92673696	
24.85552995	0.924991463	
25.44451347	0.922662101	
25.74750843	0.918753064	
26.03544726	0.919169887	
26.43037826	0.916260318	
27.01448608	0.916838088	
27.40064084	0.919161355	
27.70636619	0.922927046	
27.98182325	0.921483403	
28.36700286	0.924388096	
28.75218248	0.927292789	
29.09090651	0.934639822	
29.13736209	0.930197482	
29.32556378	0.934266246	
29.63152316	0.947195117	
29.70879312	0.938333792	
30.09202246	0.942401337	
30.17494822	0.958075905	
30.43893765	0.968121194	
30.4752518	0.946468883	
30.66345349	0.950537647	
30.9879795	0.975652967	
31.03790658	0.959838029	
31.040832	0.95809375	
31.22513313	0.964488219	
31.25056474	0.98653551	
31.59958622	0.9737886	
31.60641219	0.969718617	
31.78876305	0.977275939	
31.97696473	0.981344703	
32.07904221	0.994902782	
32.16029073	0.988320599	
32.16516642	0.985413468	
32.53961952	0.994713849	
33.31290416	0.998778956	
33.75846434	0.998241265	
34.09398992	0.998192655	
34.29291812	0.995865731	
34.88580219	0.991210665	
35.46456626	0.985671928	
35.47868626	0.986555598	
35.68053988	0.982484396	
35.77068166	0.970599606	
35.79455305	0.956366293	
35.81280764	0.945481994	
36.07839629	0.977830549	
36.11545155	0.955736353	
36.12173144	0.928735165	
36.28707588	0.969689363	
36.31730517	0.951665151	
36.47430243	0.974339554	
36.49283006	0.963292456	
36.49868089	0.959803899	
36.52013393	0.947012523	
36.53573614	0.937709703	
36.54158697	0.934221146	
36.71149506	0.91198658	
36.72393783	0.941778468	
36.94041852	0.928985873	
36.95016991	0.923171611	
37.02463147	0.892727989	
37.15299867	0.918518982	
37.33074687	0.877655667	
37.35582743	0.913866354	
37.36557881	0.908052092	
37.56743243	0.90398089	
37.57328326	0.900492332	
37.63686228	0.862583345	
37.66213786	0.847512778	
37.77513688	0.89642113	
37.78293799	0.891769721	
37.98576675	0.887117092	
38.18567009	0.884208742	
38.20224745	0.874324497	
38.21102369	0.869091661	
38.22760104	0.859207416	
38.25611408	0.828252432	
38.4099519	0.866764738	
38.42555411	0.857461918	
38.63520884	0.848739307	
38.64398508	0.843506471	
38.82243538	0.853389497	
38.84447351	0.812341101	
38.84486356	0.840016695	
38.85266467	0.835365285	
38.87115329	0.79643328	
39.1744603	0.783035465	
39.25247136	0.829548586	
39.25929733	0.825478602	
39.26904871	0.81966434	
39.27880009	0.813850078	
39.4777283	0.811523155	
39.48942996	0.80454604	
39.49625593	0.800476057	
39.69713441	0.796986281	
39.70493552	0.792334871	
39.71078635	0.788846314	
39.71663718	0.785357757	
39.9184908	0.781286555	
39.92921732	0.774890867	
40.04646795	0.765447871	
40.12814553	0.772563943	
40.31439694	0.77779556	
40.53185277	0.764421538	
40.73370639	0.760350336	
40.92690079	0.742836755	
40.93848543	0.754534855	
41.13936391	0.751045079	
41.52087701	0.723576409	
41.53624519	0.746972658	
41.54014574	0.744646953	
41.9467784	0.73476027	
41.95457951	0.730108861	
42.3495105	0.727199292	
42.55526468	0.720802385	
42.66810768	0.709336075	
42.75516802	0.717894035	
42.95604651	0.714404259	
43.35487806	0.709168985	
43.5596571	0.703353504	
43.95361296	0.701025362	
44.65785782	0.695090475	
44.74640037	0.693461945	
45.1471822	0.687063819	
45.34903582	0.682992617	
45.74884251	0.677175917	
45.80930108	0.67833838	
46.11260809	0.664940565	
46.34367685	0.671357999	
46.35830393	0.662636606	
46.54455534	0.667868223	
46.70237172	0.64819198	
46.75908576	0.65623848	
47.28511435	0.635629664	
47.35099469	0.65216484	
47.55187317	0.648675064	
48.14768265	0.642275719	
48.15743404	0.636461457	
48.35928766	0.632390255	
48.43515341	0.619714822	
48.75714407	0.627736407	
48.95802255	0.624246631	
49.01930024	0.606315252	
49.32260725	0.592917438	
49.35782925	0.618429931	
49.7566608	0.613194658	
49.76738732	0.60679897	
49.91237088	0.576168853	
50.16329346	0.603307975	
50.36807249	0.597492494	
50.57285153	0.591677013	
50.59625485	0.577722784	
50.77275487	0.588768663	
50.79615819	0.574814434	
50.9824096	0.580046051	
51.05538895	0.56444028	
51.17061129	0.584114816	
51.19011405	0.572486292	
51.39294281	0.567833663	
51.5938213	0.564343887	
51.79665006	0.559691259	
51.99752854	0.556201483	
52.19840702	0.552711707	
52.20402382	0.549362692	
52.59821371	0.546895007	
53.07462727	0.532612352	
53.19304806	0.541077088	
53.39392654	0.537587312	
53.59578016	0.53351611	
53.79763378	0.529444907	
54.19646534	0.524209634	
54.39734382	0.520719858	
54.49988936	0.52004477	
55.18330527	0.517226425	
55.77423906	0.513734211	
56.16917006	0.510824642	
56.4910437	0.504961916	
57.34908736	0.505003067	
58.33202674	0.500345563	
58.92003511	0.498597627	
59.3106755	0.498246334	
59.50706835	0.497431118	
60.67138344	0.500912362	
61.25061558	0.504397262	
61.27093746	0.501583062	
62.22087815	0.507298298	
62.60800805	0.509040139	
63.22137002	0.510780566	
63.37836728	0.514849525	
63.76062148	0.519498497	
64.14092541	0.525310321	
64.32787892	0.52082059	
64.52610502	0.528215014	
64.87551657	0.529189616	
64.9103095	0.531701134	
65.29158856	0.536931532	
65.41894162	0.540070404	
65.67774332	0.539254798	
65.68714365	0.547603932	
66.05902238	0.544485196	
66.2333771	0.556810213	
66.44225172	0.548552742	
66.82255565	0.554364566	
67.00880706	0.559596183	
67.05904618	0.566851992	
67.19505847	0.5648278	
67.77331546	0.568894126	
68.35547301	0.570634748	
68.45622429	0.571029484	
69.72261686	0.569463363	
70.14828422	0.566832684	
70.44316603	0.558458391	
70.70653137	0.564224433	
71.29941544	0.559569366	
71.58197151	0.54924158	
71.89327465	0.554332874	
72.15909734	0.540028278	
72.29015592	0.550260453	
72.49395982	0.545026398	
72.70361455	0.536303786	
72.73622317	0.530814977	
72.90936872	0.529906879	
73.3140511	0.521183049	
73.3175616	0.519089914	
73.51590473	0.517111846	
73.52273069	0.513041863	
73.72360918	0.509552087	
73.89609163	0.509039359	
73.9254628	0.505480885	
74.19659024	0.497316052	
74.21765323	0.484757246	
74.52322256	0.497918687	
74.7280016	0.492103206	
75.07702308	0.474704936	
75.1307337	0.484542228	
75.3733091	0.46549339	
75.52859011	0.479888381	
75.73434429	0.473491474	
75.7421454	0.468840064	
75.95324333	0.454605581	
76.13902667	0.464767643	
76.25093354	0.444556781	
76.34380571	0.458952162	
76.54565933	0.45488096	
76.54721955	0.435345235	
76.55443557	0.449648124	
77.12153699	0.427806441	
77.98090684	0.41775413	
78.27719285	0.408542584	
78.57347886	0.399331038	
79.99593256	0.388437963	
80.86091921	0.375036638	
82.85488194	0.358279277	
83.43622037	0.346554215	
85.14232229	0.333984877	
85.99888374	0.325607074	
86.861062	0.313880257	
88.00408007	0.302151684	
88.86204572	0.292936627	
90.0022554	0.282882561	
91.14527347	0.271153988	
92.28688735	0.260262669	
94.26821229	0.251040591	
95.69207018	0.239310263	
95.82609319	0.23847218	
96.54722744	0.231769714	
96.61790546	0.23149019	
97.60181998	0.22625126	
97.96546854	0.2233884	
98.77978701	0.221592537	
99.38230544	0.215844341	
99.56574845	0.218099104	
100.7398149	0.215766086	
101.3509926	0.214157546	
102.1118345	0.21168757	
103.4789783	0.210516185	
103.8827636	0.211629988	
105.4273046	0.211666848	
106.4004926	0.212823606	
106.9663848	0.214959695	
107.1747524	0.216307288	
108.0742979	0.224162465	
108.1459901	0.218626898	
108.9182996	0.223273432	
109.4955814	0.227921184	
109.7438907	0.233361725	
110.0748136	0.231406085	
110.6520954	0.236053838	
111.2313276	0.239538738	
111.4134834	0.242560984	
111.6135818	0.24418771	
112.5818941	0.248251598	
113.1601511	0.252317925	
113.3653202	0.250921234	
113.9334357	0.256383033	
114.5116927	0.260449359	
115.0335087	0.260957747	
115.6789332	0.262186324	
116.8451986	0.264504715	
116.9937706	0.264294476	
117.63116	0.261011283	
117.8222871	0.263335768	
118.6053232	0.261586614	
119.0139061	0.250537079	
119.3912846	0.258093181	
119.8057184	0.243555089	
119.9831935	0.254019541	
120.3820251	0.248784268	
120.7789064	0.244711846	
120.7945086	0.235409027	
121.1767628	0.240057999	
121.5726689	0.236567004	
121.968575	0.233076009	
121.9793016	0.226680321	
122.5624343	0.227839517	
122.7633127	0.22434974	
122.7740393	0.217954052	
122.9641912	0.220859964	
123.3591222	0.217950396	
123.3796001	0.205740445	
123.5600007	0.214460619	
123.9559068	0.210969624	
124.1762881	0.195851325	
124.351813	0.207478629	
124.7477191	0.203987634	
124.775023	0.187707701	
124.9505479	0.199335006	
125.1533766	0.194682378	
125.3766833	0.177819799	
125.5502579	0.190609956	
126.1402166	0.187699169	
126.1480177	0.183047759	
126.1723961	0.168512104	
126.3566973	0.174906573	
126.5448989	0.178975338	
126.7438272	0.176648414	
126.9466559	0.171995786	
127.1475344	0.16850601	
127.5541671	0.158619326	
127.7404185	0.163850943	
128.1382749	0.159197096	
128.9330126	0.150470827	
129.1212143	0.154539592	
129.9081508	0.150464733	
130.4990846	0.146972519	
130.5049355	0.143483962	
131.0880681	0.144643157	
133.6351293	0.137650197	
136.1695137	0.138215777	
138.7048732	0.138199931	
141.0471553	0.137022452	
143.1953849	0.135264765	
145.3494653	0.130018521	
147.3114435	0.123029217	
148.2973083	0.116627435	
151.6108282	0.117769565	
153.5572041	0.120083081	
155.1057237	0.127050444	
156.4670167	0.129367616	
158.0213871	0.132846422	
159.1847271	0.136909092	
160.3470919	0.141553188	
161.9024374	0.144450567	
163.4607084	0.145603668	
165.0111783	0.151408179	
166.165742	0.160703685	
166.547021	0.165934082	
167.5094825	0.173486528	
168.0828638	0.180459986	
168.65527	0.18801487	
169.2286513	0.194988327	
169.410027	0.203127075	
170.3715133	0.211260947	
170.7527924	0.216491345	
171.5202262	0.22404501	
172.2983865	0.225202986	
173.2842513	0.218801204	
174.072163	0.214144918	
174.6630968	0.210652705	
174.8678759	0.204837224	
175.2647572	0.200764802	
176.0497435	0.197852796	
176.8298541	0.19784792	
177.9961194	0.200166311	
178.9595561	0.207137331	
179.149708	0.210043243	
179.7260147	0.215272422	
180.2964706	0.223990158	
180.6797	0.228057704	
181.2560067	0.233286883	
182.0263659	0.239096269	
182.4105704	0.242582388	
183.5700098	0.248970763	
184.7372503	0.250707728	
185.9035157	0.253026119	
187.6577894	0.253596575	
188.8250299	0.25533354	
189.7952925	0.258234576	
190.3725744	0.262882329	
190.7548286	0.267531301	
191.1380579	0.271598846	
191.9045166	0.279733937	
192.8767294	0.281472121	
193.2775113	0.275073995	
193.4813152	0.269839941	
193.6870693	0.263443034	
193.8908732	0.258208979	
194.2965308	0.248903722	
194.8962408	0.240178672	
194.9040419	0.235527263	
195.6968293	0.227963847	
196.4837659	0.223888988	
197.2736279	0.21806985	
197.866512	0.213414784	
198.4623214	0.207015439	
198.861153	0.201780165	
199.2590094	0.197126318	
199.2716862	0.189567777	
199.6714929	0.183751078	
200.0732499	0.176771525	
200.0800758	0.172701542	
200.0927526	0.165143001	
200.4886588	0.161652006	
200.6934378	0.155836526	
201.0942196	0.1494384	
201.2980235	0.144204345	
201.6939297	0.14071335	
201.8977336	0.135479295	
202.2946148	0.131406874	
202.6924712	0.126753027	
202.8943249	0.122681824	
203.4872089	0.118026758	
204.0810681	0.112790266	
205.2570849	0.109294395	
206.6242288	0.10812301	
206.6252039	0.107541584	
208.5764556	0.106947969	
210.1425276	0.10344966	
211.71055	0.098788499	
212.6925142	0.094712421	
213.8704812	0.090053698	
214.6554675	0.087141691	
216.0294374	0.081900323	
217.7817608	0.083633631	
218.9499765	0.08478917	
220.1162418	0.087107562	
222.4555986	0.087674361	
223.6267396	0.087085621	
225.3800382	0.088237503	
226.7374307	0.09288038	
227.5136408	0.095201209	
228.2859503	0.099847743	
229.4473399	0.105073265	
230.6077545	0.110880214	
231.380064	0.115526747	
231.7623182	0.120175719	
231.9475945	0.125988762	
232.3308238	0.130056308	
232.7121029	0.135286706	
233.0924068	0.14109853	
233.4756361	0.145166075	
234.6331253	0.152717302	
235.6063132	0.15387406	
236.9763825	0.150958396	
237.7633191	0.146883537	
238.7452833	0.142807459	
239.5331951	0.138151174	
240.1270543	0.132914682	
240.5229604	0.129423687	
241.1168196	0.124187194	
241.7087285	0.120113554	
242.3025877	0.114877062	
243.0885492	0.111383629	
243.4834802	0.10847406	
244.2733422	0.102654922	
244.6702235	0.098582501	
244.8750025	0.09276702	
245.4669114	0.08869338	
245.6677899	0.085203604	
246.6507293	0.0805461	
247.8247958	0.078213082	
249.1938899	0.075878844	
250.7580117	0.073543388	
252.1310064	0.068883446	
253.1051695	0.069458778	
253.8765039	0.074686738	
254.6527139	0.077007567	
255.6171257	0.08339716	
256.3904103	0.087462268	
257.3587226	0.091526157	
258.919919	0.090934979	
260.0939855	0.088601961	
260.8770215	0.086852807	
262.439193	0.085680203	
263.2202788	0.085093901	
264.5883977	0.08334109	
265.3733841	0.080429083	
266.1583704	0.077517077	
266.5513511	0.07577036	
266.9492075	0.071116513	
268.321227	0.067037997	
268.9102106	0.064708635	
269.1091388	0.062381712	
269.8951002	0.058888279	
270.2890561	0.056560136	
271.6561999	0.055388751	
273.0174929	0.057705924	
273.5986754	0.060027972	
274.760065	0.065253494	
275.3412474	0.067575542	
275.9214547	0.070479016	
276.8917173	0.073380053	
277.4689991	0.078027805	
277.856129	0.079769646	
278.4334109	0.084417399	
278.8185905	0.087322092	
279.0019165	0.094297987	
279.3870961	0.09720268	
279.5782232	0.099527166	
279.9614526	0.103594712	
280.3476073	0.105917979	
280.5377593	0.108823891	
280.9219638	0.11231001	
281.692323	0.118119396	
282.0814032	0.118698385	
282.4695082	0.119858799	
283.4465967	0.118689852	
283.8395775	0.116943136	
284.8215417	0.112867058	
285.4154009	0.107630565	
286.2042878	0.102392854	
286.5992188	0.099483285	
286.7991221	0.096574935	
287.3920062	0.091919869	
288.1769925	0.089007862	
288.9629539	0.085514429	
290.1379955	0.082599985	
290.5319514	0.080271842	
291.318888	0.076196983	
292.1058246	0.072122124	
292.6977335	0.068048484	
293.286717	0.065719122	
293.4846701	0.063973625	
293.688474	0.05873957	
294.0843801	0.055248575	
294.2862337	0.051177373	
294.4880874	0.047106171	
295.0790212	0.043613957	
295.4749273	0.040122962	
296.0639108	0.0377936	
296.2589385	0.037792381	
297.6221818	0.038946701	
298.5934195	0.041266311	
299.182403	0.03893695	
299.9625136	0.038932074	
300.9435027	0.035437422	
302.5076245	0.033101966	
303.0975831	0.030191179	
304.0717463	0.03076651	
305.6261167	0.034245316	
307.1843876	0.035398417	
308.1585508	0.035973749	
309.5256946	0.034802364	
310.8928385	0.033630979	
312.0669049	0.031297961	
313.2438968	0.027220664	
314.027908	0.024890083	
315.7821817	0.025460539	
317.3385024	0.027776492	
318.1176379	0.028353043	
319.2848784	0.030090008	
320.0659642	0.029503706	
321.2312544	0.032403524	
322.3984949	0.034140489	
323.7578376	0.037620513	
324.7300505	0.039358697	
325.7032385	0.040515455	
327.26541	0.039342851	
328.6345041	0.037008614	
329.4194904	0.034096607	
330.4024298	0.029439103	
331.3824438	0.026525878	
332.1625544	0.026521002	
333.33077	0.027676541	
334.4989857	0.02883208	
335.4760742	0.027663133	
336.4521876	0.027075612	
337.4302513	0.025325239	
338.6062681	0.021829368	
339.5872572	0.018334716	
340.5623954	0.018328622	
341.5346083	0.020066805	
342.1157907	0.022388853	
342.6989234	0.023548049	
343.4770837	0.024706026	
344.4561226	0.022374226	
345.2372083	0.021787925	
345.6321393	0.018878356	
346.2201477	0.01713042	
346.8062058	0.016545337	
347.3912887	0.016541681	
348.1674988	0.01886251	
348.9417586	0.022346191	
349.5268416	0.022342534	
350.3040268	0.024081937	
350.6950572	0.023498073	
351.4780932	0.021748919	
352.852063	0.016507551	
353.8311019	0.014175751	
354.2231075	0.013010461	
354.8101407	0.011843952	
355.3942485	0.012421721	
356.1675332	0.016486829	
356.5536879	0.018810096	
357.1368206	0.019969292	
357.7170279	0.022872766	
358.1022075	0.025777459	
359.0724701	0.028678495	
359.4586248	0.031001762	
360.2309343	0.035648296	
361.004219	0.039713404	
361.7765285	0.044359938	
362.3547855	0.048426264	
362.9340176	0.051911165	
363.3221226	0.053071579	
363.9091559	0.05190507	
364.4981394	0.049575708	
365.0851726	0.048409199	
365.285076	0.045500849	
366.0710374	0.042007417	
366.6570955	0.041422334	
367.4411067	0.039091753	
368.0261897	0.039088096	
369.0042533	0.037337723	
369.5922617	0.035589788	
370.384074	0.028607798	
370.9750078	0.025115584	
371.7599941	0.022203577	
372.7380578	0.020453204	
373.7151463	0.019284257	
374.1032513	0.020444672	
374.8804365	0.022184074	
375.4606438	0.025087549	
376.6220335	0.030313071	
377.5874204	0.036121238	
378.7507603	0.040183908	
379.7210229	0.043084944	
380.6971363	0.042497424	
382.0681807	0.039000334	
382.6591145	0.03550812	
383.0530704	0.033179977	
384.0369849	0.027941047	
384.2378634	0.024451271	
385.2188525	0.020956619	
386.3987698	0.015135044	
387.5767368	0.010476321	
388.5538254	0.009307374	
390.5002013	0.011620889	
391.6654916	0.014520707	
393.0267846	0.016837879	
394.1950002	0.017993418	
395.5572684	0.019729164	
397.7025726	0.019715756	
399.0687413	0.019125797	
400.6270123	0.020278898	
402.1872335	0.020269147	
403.1633469	0.019681626	
405.1204494	0.015599453	
405.907386	0.011524594	
406.8883751	0.008029942	
408.058541	0.008022629	
409.6177871	0.008594304	
410.5968259	0.006262504	
411.3818122	0.003350498	
412.7489561	0.002179113	
413.7231192	0.002754444	
414.4983542	0.0056567	
415.6626692	0.009137943	
417.2209402	0.010291044	
418.9761891	0.010280074	
420.3433329	0.009108689	
421.7095017	0.008518731	
423.0746952	0.008510198	
423.8509053	0.010831027	
424.8201927	0.01431349	
425.7846045	0.020703083	
426.9508698	0.023021474	
428.1239612	0.021269882	
429.1039751	0.018356657	
429.6968592	0.01370159	
430.6797986	0.009044086	
431.4667352	0.004969227	
432.8368044	0.002053564	
434.201998	0.002045031	
435.5613408	0.005525056	
436.3414514	0.00552018	
437.7027444	0.007837353	
439.2639408	0.007246175	
440.2410293	0.006077228	
441.2181179	0.004908281	
442.1942313	0.00432076	
443.3653723	0.003732021	
444.1425575	0.005471423	
445.5028754	0.008370022	
447.4521768	0.008939259	
448.6223427	0.008931945	
450.1845143	0.007759342	
451.945614	0.004259814	
452.143567	0.002514317	
453.8978408	0.003084773	
455.6530897	0.003073802	
457.0192584	0.002483844	
457.6053165	0.001898761	
458.384452	0.002475311	
459.3615405	0.001306364	
460.9246871	0	
461.5048944	0.002455808	
463.0573145	0.007097467	
464.8115883	0.007667922	
466.1797073	0.005915111	
468.5200391	0.005900484	
470.0792852	0.006472159	
471.8345341	0.006461189	
473.3908548	0.008777142	
474.5590704	0.009932681	
475.7233855	0.013413925	
476.8886758	0.016313742	
478.4469467	0.017466843	
480.0081431	0.016875666	
481.7682677	0.013957564	
483.1363866	0.012204753	
484.8965112	0.009286652	
486.4625833	0.005788343	
487.4416221	0.003456544	
488.8107162	0.001122307	
490.5679154	0	
491.7390565	0.000640256	
493.2983025	6.86E-05	
495.0516012	0	
496.0267394	0	
497.3909579	0	
498.9531294	0	
