0 0.0
0.249601365382691 0.0
0.499202730765383 0.0
0.748804096148074 0.000305166797386815
0.998405461530765 0.00127846158614422
1.24800682691346 0.0027883726893476
1.49760819229615 0.00475978900444573
1.74720955767884 0.00730877365940784
1.99681092306153 0.0106101465575432
2.24641228844422 0.0145226885481893
2.49601365382691 0.0193129337175977
2.7456150192096 0.0253311668922786
2.9952163845923 0.0325399474712053
3.24481774997499 0.0407900788504947
3.49441911535768 0.0502074168292906
3.74402048074037 0.0609587983620925
3.99362184612306 0.073012566173637
4.24322321150575 0.0864207388976162
4.49282457688844 0.099790719145408
4.74242594227114 0.113657628006144
4.99202730765383 0.131292086715034
5.24162867303652 0.152653456008502
5.49123003841921 0.177443070071239
5.7408314038019 0.205097886084889
5.99043276918459 0.235417284244282
6.24003413456728 0.26771978437591
6.48963549994997 0.300894434307085
6.73923686533267 0.333999435489465
6.98883823071536 0.367716122749695
7.23843959609805 0.40436831902032
7.48804096148074 0.445272986112402
7.73764232686343 0.490027054754588
7.98724369224612 0.537514334829545
8.23684505762881 0.587327734838109
8.48644642301151 0.639150853532566
8.7360477883942 0.693242246771191
8.98564915377689 0.749876399845319
9.23525051915958 0.809041276678276
9.48485188454227 0.870274515086085
9.73445324992496 0.934126127355199
9.98405461530765 1.00291973295716
10.2336559806903 1.07581390940516
10.483257346073 1.15284401667878
10.7328587114557 1.23389831863595
10.9824600768384 1.3167831463515
11.2320614422211 1.40311712906589
11.4816628076038 1.49396167372937
11.7312641729865 1.59021626364403
11.9808655383692 1.69471335351619
12.2304669037519 1.80902897208361
12.4800682691346 1.92916940522459
12.7296696345173 2.05506191941422
12.9792709998999 2.18737368521112
13.2288723652826 2.32933390527023
13.4784737306653 2.46932340632946
13.728075096048 2.60986496543821
13.9776764614307 2.75221397534195
14.2272778268134 2.8993136046924
14.4768791921961 3.05754763908746
14.7264805575788 3.22523243500967
14.9760819229615 3.39780420462193
15.2256832883442 3.5743416090051
15.4752846537269 3.75274732402324
15.7248860191096 3.93277921853393
15.9744873844922 4.11268917771435
16.2240887498749 4.29096671459625
16.4736901152576 4.46872194395749
16.7232914806403 4.64544769022256
16.972892846023 4.8187644891948
17.2224942114057 4.98960573125799
17.4720955767884 5.15850135914479
17.7216969421711 5.3257491768061
17.9712983075538 5.49149823800167
18.2208996729365 5.65605959953244
18.4705010383192 5.81951333871949
18.7201024037019 5.98181908080248
18.9697037690845 6.14303635188553
19.2193051344672 6.30362811929362
19.4689064998499 6.46416411236703
19.7185078652326 6.62499630723955
19.9681092306153 6.78566661055896
20.217710595998 6.94610613117084
20.4673119613807 7.10636366172136
20.7169133267634 7.26625934183931
20.9665146921461 7.42548937874271
21.2161160575288 7.58414767851093
21.4657174229115 7.74276949981061
21.7153187882941 7.90106441688952
21.9649201536768 8.05961361041234
22.2145215190595 8.21875594212478
22.4641228844422 8.37888273877034
22.7137242498249 8.54008344404807
22.9633256152076 8.70236386611438
23.2129269805903 8.86612510510472
23.462528345973 9.03166474001615
23.7121297113557 9.19903528483472
23.9617310767384 9.36818854300515
24.2113324421211 9.53953028190966
24.4609338075038 9.71299526597972
24.7105351728864 9.88880866935181
24.9601365382691 10.0672797911969
25.2097379036518 10.2486189601991
25.4593392690345 10.4335334160009
25.7089406344172 10.6227624892389
25.9585419997999 10.8168695899194
26.2081433651826 11.0154979271521
26.4577447305653 11.2193550029711
26.707346095948 11.4297266134631
26.9569474613307 11.6470041147987
27.2065488267134 11.8714189045334
27.4561501920961 12.1032255574341
27.7057515574787 12.3427194861314
27.9553529228614 12.5902518423176
28.2049542882441 12.8463921025163
28.4545556536268 13.1129687448791
28.7041570190095 13.390303987234
28.9537583843922 13.6758169924327
29.2033597497749 13.9669212958654
29.4529611151576 14.2633552266174
29.7025624805403 14.5669438497813
29.952163845923 14.8785125095517
30.2017652113057 15.1959564684147
30.4513665766883 15.5196951858363
30.700967942071 15.8472840912276
30.9505693074537 16.174432008441
31.2001706728364 16.5028901782547
31.4497720382191 16.8355757357214
31.6993734036018 17.1716380074028
31.9489747689845 17.5110006717204
32.1985761343672 17.8492655661039
32.4481774997499 18.1859918009838
32.6977788651326 18.5238404509239
32.9473802305153 18.8612874713769
33.196981595898 19.1934785550361
33.4465829612806 19.5156440952866
33.6961843266633 19.826033301109
33.945785692046 20.1249063722675
34.1953870574287 20.406458193575
34.4449884228114 20.6707194258078
34.6945897881941 20.9183108617988
34.9441911535768 21.1415863876542
35.1937925189595 21.3360347121699
35.4433938843422 21.5039591906757
35.6929952497249 21.6479542128345
35.9425966151076 21.7694717567023
36.1921979804902 21.8644505822337
36.4417993458729 21.9279668035297
36.6914007112556 21.9617129813962
36.9410020766383 21.989440919625
37.190603442021 21.9948181711171
37.4402048074037 21.975466826627
37.6898061727864 21.9808518869111
37.9394075381691 22.009046218833
38.1890089035518 22.0193852099359
38.4386102689345 22.0046746416334
38.6882116343172 21.9810552355097
38.9378129996999 21.9354457392957
39.1874143650825 21.8784131397266
39.4370157304652 21.8356409988418
39.6866170958479 21.8070185823124
39.9362184612306 21.8082095052389
40.1858198266133 21.8233701781805
40.435421191996 21.8668944370212
40.6850225573787 21.9276786274183
40.9346239227614 22.0029526264789
41.1842252881441 22.0905832786981
41.4338266535268 22.1908235401968
41.6834280189095 22.3000657503627
41.9330293842921 22.4179449891292
42.1826307496748 22.5460305448107
42.4322321150575 22.6838095947619
42.6818334804402 22.8294573614905
42.9314348458229 22.982436106075
43.1810362112056 23.1412308126052
43.4306375765883 23.3033940289308
43.680238941971 23.465756300489
43.9298403073537 23.625553826591
44.1794416727364 23.7836511462425
44.4290430381191 23.9391508339495
44.6786444035017 24.0905032341013
44.9282457688844 24.2370821018273
45.1778471342671 24.3796480765058
45.4274484996498 24.5179417036653
45.6770498650325 24.650607339901
45.9266512304152 24.7767353983419
46.1762525957979 24.8958987597823
46.4258539611806 25.0076288631337
46.6754553265633 25.1120750947506
46.925056691946 25.2099399418179
47.1746580573287 25.3023507373724
47.4242594227114 25.3913669671826
47.6738607880941 25.4774137702468
47.9234621534767 25.5599936443605
48.1730635188594 25.6385854209814
48.4226648842421 25.7131245939153
48.6722662496248 25.7829013499255
48.9218676150075 25.8477728825484
49.1714689803902 25.9082098810699
49.4210703457729 25.9628186228937
49.6706717111556 26.0106667189196
49.9202730765383 26.0509868435601
50.169874441921 26.0858595476898
50.4194758073037 26.1214523620517
50.6690771726863 26.1563586919748
50.918678538069 26.1905339212848
51.1682799034517 26.2245098301685
51.4178812688344 26.2570669039307
51.6674826342171 26.2921660476961
51.9170839995998 26.3325689662002
52.1666853649825 26.3799684893483
52.4162867303652 26.4344252682485
52.6658880957479 26.4933962865134
52.9154894611306 26.5563822541124
53.1650908265133 26.6270434334569
53.414692191896 26.7053763128035
53.6642935572786 26.7900762709033
53.9138949226613 26.8807647482567
54.163496288044 26.976063254471
54.4130976534267 27.0780569418161
54.6626990188094 27.1877443970714
54.9123003841921 27.3055222776438
55.1619017495748 27.431571758094
55.4115031149575 27.566007329978
55.6611044803402 27.7086249990167
55.9107058457229 27.8591366778135
56.1603072111056 28.0176028702275
56.4099085764882 28.1842427040612
56.6595099418709 28.3586230015834
56.9091113072536 28.5401748812566
57.1587126726363 28.728360922905
57.408314038019 28.9226458102918
57.6579154034017 29.1227160719319
57.9075167687844 29.3287044424102
58.1571181341671 29.5407971319353
58.4067194995498 29.7591879152118
58.6563208649325 29.9846594102373
58.9059222303152 30.2189943920666
59.1555235956979 30.4636142413565
59.4051249610805 30.717741770569
59.6547263264632 30.9791032670219
59.9043276918459 31.2476726667913
60.1539290572286 31.5262692070909
60.4035304226113 31.81779196918
60.653131787994 32.125140034318
60.9027331533767 32.4506575715681
61.1523345187594 32.7939227683489
61.4019358841421 33.1537677991635
61.6515372495248 33.5300578929498
61.9011386149075 33.9230464144698
62.1507399802901 34.3329680257733
62.4003413456728 34.7600153095024
62.6499427110555 35.2039693991089
62.8995440764382 35.6628199808687
63.1491454418209 36.1307361055261
63.3987468072036 36.6025412210703
63.6483481725863 37.0810627265638
63.897949537969 37.5630476151948
64.1475509033517 38.0451432867278
64.3971522687344 38.5254435668146
64.6467536341171 39.0044344129922
64.8963549994997 39.4880069301418
65.1459563648824 39.9779433092916
65.3955577302651 40.4709779492858
65.6451590956478 40.9690122264163
65.8947604610305 41.4738376952271
66.1443618264132 41.9838364449548
66.3939631917959 42.4944410545222
66.6435645571786 43.0039009096683
66.8931659225613 43.5119772595608
67.142767287944 44.018915396445
67.3923686533267 44.5216036696437
67.6419700187094 45.0171656369845
67.891571384092 45.5050923598084
68.1411727494747 45.9787398850217
68.3907741148574 46.4249209659044
68.6403754802401 46.8460129511588
68.8899768456228 47.25149315497
69.1395782110055 47.6338819932393
69.3891795763882 47.985457289217
69.6387809417709 48.298496866153
69.8883823071536 48.5659484394504
70.1379836725363 48.7886196130771
70.387585037919 48.9718315464965
70.6371864033016 49.1176469605757
70.8867877686843 49.2229595765375
71.136389134067 49.2905355043177
71.3859904994497 49.3277681383738
71.6355918648324 49.34086182179
71.8851932302151 49.3332367938439
72.1347945955978 49.3061096901243
72.3843959609805 49.2590351658044
72.6339973263632 49.1850024895975
72.8835986917459 49.0858410690885
73.1332000571286 48.966851479646
73.3828014225113 48.828003530398
73.632402787894 48.6671604489643
73.8820041532766 48.483333174613
74.1316055186593 48.2783105371112
74.381206884042 48.0577391509398
74.6308082494247 47.829532620965
74.8804096148074 47.5994750580735
75.1300109801901 47.366983836729
75.3796123455728 47.1306996592503
75.6292137109555 46.8935262692844
75.8788150763382 46.660750076281
76.1284164417209 46.4312198883614
76.3780178071036 46.213342076583
76.6276191724862 45.9994911278803
76.8772205378689 45.7737405369684
77.1268219032516 45.5448066622692
77.3764232686343 45.3222581766014
77.626024634017 45.1099763019213
77.8756259993997 44.9105079279135
78.1252273647824 44.7255220525531
78.3748287301651 44.5427311175353
78.6244300955478 44.353872539954
78.8740314609305 44.167642648787
79.1236328263132 43.9862046074713
79.3732341916958 43.8106559961903
79.6228355570785 43.6420943951271
79.8724369224612 43.4816173844647
80.1220382878439 43.3303117129267
80.3716396532266 43.1890210170106
80.6212410186093 43.0583491144582
80.870842383992 42.9388896261108
81.1204437493747 42.8308038343989
81.3700451147574 42.7327177821124
81.6196464801401 42.6429168912039
81.8692478455228 42.5596865836263
82.1188492109055 42.4813122813322
82.3684505762881 42.4060794062744
82.6180519416708 42.3322733804057
82.8676533070535 42.2581796809037
83.1172546724362 42.1825623926955
83.3668560378189 42.1058283066225
83.6164574032016 42.0286825799773
83.8660587685843 41.9513159410966
84.115660133967 41.8736332618036
84.3652614993497 41.7955363479477
84.6148628647324 41.7169270053787
84.8644642301151 41.6377070399461
85.1140655954978 41.5577782574994
85.3636669608805 41.4770639035766
85.6132683262631 41.395607967167
85.8628696916458 41.3134966700131
86.1124710570285 41.2308152371666
86.3620724224112 41.1476190195127
86.6116737877939 41.0639297769322
86.8612751531766 40.9797674814371
87.1108765185593 40.8952030635806
87.360477883942 40.8105107665414
87.6100792493247 40.7260155316032
87.8596806147074 40.6420423000498
88.10928198009 40.5589102263028
88.3588833454727 40.4767396213585
88.6084847108554 40.3954066621001
88.8580860762381 40.314772560679
89.1076874416208 40.2347295458277
89.3572888070035 40.1552999607821
89.6068901723862 40.0765402624386
89.8564915377689 39.9985069078233
90.1060929031516 39.9212526262172
90.3556942685343 39.8446980547968
90.605295633917 39.7685993092882
90.8548969992997 39.6927021936499
91.1044983646823 39.6167525118402
91.354099730065 39.5406124077477
91.6037010954477 39.4649094607852
91.8533024608304 39.3905805795504
92.1029038262131 39.3185635387225
92.3525051915958 39.249788798277
92.6021065569785 39.1844051739877
92.8517079223612 39.1210960897736
93.1013092877439 39.0583837314446
93.3509106531266 38.9947902848107
93.6005120185093 38.9288379356817
93.8501133838919 38.8590488698675
94.0997147492746 38.7839452731779
94.3493161146573 38.7020671347288
94.59891748004 38.6130902093182
94.8485188454227 38.5184906796679
95.0981202108054 38.4199043742445
95.3477215761881 38.3189671215147
95.5973229415708 38.2173147499451
95.8469243069535 38.1174200617852
96.0965256723362 38.0257156878585
96.3461270377189 37.9332332007462
96.5957284031016 37.8267937680857
96.8453297684842 37.7245959725815
97.0949311338669 37.6475897857176
97.3445324992496 37.5944154295751
97.5941338646323 37.5636917127904
97.843735230015 37.55131802875
98.0933365953977 37.5418421191734
98.3429379607804 37.5291277799152
98.5925393261631 37.5192287430138
98.8421406915458 37.5187117832666
99.0917420569285 37.5357337328935
99.3413434223112 37.5815411381311
99.5909447876939 37.662381802006
99.8405461530765 37.7578638435872
100.090147518459 37.8590958554929
100.339748883842 37.9619053986893
100.589350249225 38.0621200341426
100.838951614607 38.1557163245774
101.08855297999 38.2445609600762
101.338154345373 38.3382291107953
101.587755710755 38.4446477687543
101.837357076138 38.5616174007431
102.086958441521 38.68398572314
102.336559806903 38.8075898955815
102.586161172286 38.9336151279458
102.835762537669 39.0650447202594
103.085363903052 39.2048633151019
103.334965268434 39.3560555550528
103.584566633817 39.5214409959972
103.8341679992 39.6982154078912
104.083769364582 39.8779172233409
104.333370729965 40.060526188262
104.582972095348 40.2499344954909
104.83257346073 40.4500515689996
105.082174826113 40.6647868327601
105.331776191496 40.8980497107445
105.581377556878 41.1536967551287
105.830978922261 41.4348450979616
106.080580287644 41.7440679982977
106.330181653027 42.0839261131053
106.579783018409 42.4558246209518
106.829384383792 42.8499732623759
107.078985749175 43.2509477924069
107.328587114557 43.6611890953769
107.57818847994 44.0887691516255
107.827789845323 44.5311033576973
108.077391210705 44.9853313872773
108.326992576088 45.4530038652107
108.576593941471 45.9375963168132
108.826195306853 46.4351594650176
109.075796672236 46.9431188155175
109.325398037619 47.4790836747409
109.574999403002 48.0739169447103
109.824600768384 48.6888239243224
110.074202133767 49.2612766441003
110.32380349915 49.8457194134413
110.573404864532 50.4362574613963
110.823006229915 51.0121406657205
111.072607595298 51.5919634728241
111.32220896068 52.2164301317016
111.571810326063 52.8366399702887
111.821411691446 53.3998104224924
112.071013056828 53.9282819808988
112.320614422211 54.4408426853792
112.570215787594 54.9562637868724
112.819817152976 55.4890948481285
113.069418518359 56.0344505237092
113.319019883742 56.5858990509669
113.568621249125 57.1774576960526
113.818222614507 57.7945579838816
114.06782397989 58.3883426194327
114.317425345273 58.9420739078721
114.567026710655 59.468147946596
114.816628076038 59.9716402944113
115.066229441421 60.4400537078568
115.315830806803 60.8650421418319
115.565432172186 61.255548287106
115.815033537569 61.6230931924429
116.064634902951 61.9730615034874
116.314236268334 62.3053853828105
116.563837633717 62.6198072800257
116.8134389991 62.9160696447466
117.063040364482 63.1839025276282
117.312641729865 63.3854104512342
117.562243095248 63.5205548117175
117.81184446063 63.5997624856846
118.061445826013 63.656630794677
118.311047191396 63.6705265735222
118.560648556778 63.5994147202703
118.810249922161 63.4168677367193
119.059851287544 63.2041854110285
119.309452652926 63.0475762077849
119.559054018309 62.9403461209517
119.808655383692 62.8830778846311
120.058256749075 62.752014403879
120.307858114457 62.3256961956115
120.55745947984 61.9755647914511
120.807060845223 61.6871047442721
121.056662210605 61.2731966741374
121.306263575988 61.0221918335597
121.555864941371 60.8493107586871
121.805466306753 60.3394218743722
122.055067672136 59.8223415005457
122.304669037519 59.5177982237371
122.554270402901 59.1715134400451
122.803871768284 58.4245132975785
123.053473133667 57.3574813828495
123.30307449905 56.9169488319096
123.552675864432 56.4972422896863
123.802277229815 55.9490959105397
124.051878595198 55.3725306755818
124.30147996058 54.5549869480082
124.551081325963 54.0945733254873
124.800682691346 53.7093569540305
125.050284056728 52.707771316726
125.299885422111 51.7355075045591
125.549486787494 50.7060959191607
125.799088152876 50.2003629870369
126.048689518259 50.0726546625291
126.298290883642 49.6542634131961
126.547892249025 49.4746765359397
126.797493614407 49.0929227795371
127.04709497979 48.1457338051791
127.296696345173 46.9168836696327
127.546297710555 46.220046381673
127.795899075938 45.775812687293
128.045500441321 45.3281629430747
128.295101806703 45.0037170065999
128.544703172086 44.8234441721849
128.794304537469 44.6935555973241
129.043905902851 44.5210695527265
129.293507268234 44.3063490082196
129.543108633617 44.0962297668228
129.792709998999 43.9022221102319
130.042311364382 43.7346988824204
130.291912729765 43.5932763384554
130.541514095148 43.4677882191085
130.79111546053 43.3494551798866
131.040716825913 43.239464732895
131.290318191296 43.1412502142993
131.539919556678 43.0565052730996
131.789520922061 42.9861660494819
132.039122287444 42.931165561709
132.288723652826 42.8924368280438
132.538325018209 42.8709128667493
132.787926383592 42.8675266960883
133.037527748974 42.8832113343237
133.287129114357 42.9188997997185
133.53673047974 42.9755251105354
133.786331845123 43.0539037409602
134.035933210505 43.1531475967659
134.285534575888 43.2710762056715
134.535135941271 43.4054769748752
134.784737306653 43.5541373115753
135.034338672036 43.71484462297
135.283940037419 43.8853863162576
135.533541402801 44.0635497986362
135.783142768184 44.2471224773041
136.032744133567 44.4338917594595
136.282345498949 44.6216773788911
136.531946864332 44.8092411568934
136.781548229715 44.9964126268295
137.031149595098 45.1830788970395
137.28075096048 45.3691270758634
137.530352325863 45.5544442716413
137.779953691246 45.7389175927135
138.029555056628 45.9224341474199
138.279156422011 46.1048810441009
138.528757787394 46.2861453910964
138.778359152776 46.4661071203183
139.027960518159 46.6440649743633
139.277561883542 46.8183175645179
139.527163248924 46.9870647178764
139.776764614307 47.148506261533
140.02636597969 47.300842022582
140.275967345073 47.4422718281178
140.525568710455 47.5709955052345
140.775170075838 47.6852128810266
141.024771441221 47.7831237825882
141.274372806603 47.8632223022135
141.523974171986 47.9255448760966
141.773575537369 47.970631533891
142.023176902751 47.9990225865817
142.272778268134 48.0112583451538
142.522379633517 48.0078791205923
142.771980998899 47.9894252238824
143.021582364282 47.9564369660091
143.271183729665 47.9094589702373
143.520785095048 47.8493597823135
143.77038646043 47.7775515985534
144.019987825813 47.6954986014366
144.269589191196 47.6046649734427
144.519190556578 47.5065148970514
144.768791921961 47.4025125547423
145.018393287344 47.2941221289952
145.267994652726 47.1828078022896
145.517596018109 47.0700279906361
145.767197383492 46.9571757331672
146.016798748874 46.8456026646978
146.266400114257 46.7366597639395
146.51600147964 46.6316980096036
146.765602845023 46.5320683804017
147.015204210405 46.4391218550452
147.264805575788 46.3542094122456
147.514406941171 46.2786061956025
147.764008306553 46.2130499539944
148.013609671936 46.1580463161246
148.263211037319 46.1140999905975
148.512812402701 46.0818368380911
148.762413768084 46.0626160304247
149.012015133467 46.0580712186001
149.261616498849 46.0698365334884
149.511217864232 46.0995461059606
149.760819229615 46.1488340668878
150.010420594997 46.2193345471411
150.26002196038 46.3126816775915
150.509623325763 46.43050958911
150.759224691146 46.5744524125677
151.008826056528 46.7461442788356
151.258427421911 46.9472193187848
151.508028787294 47.1793116632863
151.757630152676 47.4438736224287
152.007231518059 47.7395049803221
152.256832883442 48.0625401369995
152.506434248824 48.4092510586715
152.756035614207 48.7759097115485
153.00563697959 49.1587880618407
153.255238344972 49.5541580757588
153.504839710355 49.9582917195131
153.754441075738 50.3678714589927
154.004042441121 50.7827108457253
154.253643806503 51.204065766103
154.503245171886 51.6331997881934
154.752846537269 52.071376480064
155.002447902651 52.5198594097826
155.252049268034 52.9798103922249
155.501650633417 53.4507825242728
155.751251998799 53.9310448919798
156.000853364182 54.4188308061184
156.250454729565 54.9123735774608
156.500056094947 55.4099067612839
156.74965746033 55.9098160064614
156.999258825713 56.4108983004044
157.248860191096 56.9120194857436
157.498461556478 57.4120454051098
157.748062921861 57.9098419011337
157.997664287244 58.4042748164459
158.247265652626 58.8946284108733
158.496867018009 59.3824161183909
158.746468383392 59.8698907762709
158.996069748774 60.3593057064975
159.245671114157 60.8528961352207
159.49527247954 61.3505754707201
159.744873844922 61.8476748802227
159.994475210305 62.3389887382227
160.244076575688 62.819311419215
160.493677941071 63.283654093371
160.743279306453 63.7304410536868
160.992880671836 64.1608133495513
161.242482037219 64.5759872754622
161.492083402601 64.9771791259171
161.741684767984 65.3656051954135
161.991286133367 65.7425473897082
162.240887498749 66.1126518440684
162.490488864132 66.4854742972884
162.740090229515 66.8709590846989
162.989691594897 67.2790505416309
163.23929296028 67.7196930034155
163.488894325663 68.2028296215764
163.738495691046 68.7372750448454
163.988097056428 69.3286148681563
164.237698421811 69.9818608241036
164.487299787194 70.7020246452816
164.736901152576 71.4941180642849
164.986502517959 72.3631528137082
165.236103883342 73.3133049758346
165.485705248724 74.3442464690017
165.735306614107 75.4541384008692
165.98490797949 76.6411407757278
166.234509344872 77.9033354822649
166.484110710255 79.2313654357679
166.733712075638 80.6053843240957
166.98331344102 82.0302867990738
167.232914806403 83.5245136340532
167.482516171786 85.1066198347215
167.732117537169 86.7912282485132
167.981718902551 88.5711646529351
168.231320267934 90.4321212112952
168.480921633317 92.3655335886834
168.730522998699 94.3672648495209
168.980124364082 96.4286645484499
169.229725729465 98.5332612953391
169.479327094847 100.64582042486
169.72892846023 102.701093199351
169.978529825613 104.693114450623
170.228131190996 106.624006703268
170.477732556378 108.49425897237
170.727333921761 110.249489098367
170.976935287144 111.786280482956
171.226536652526 113.093076729672
171.476138017909 114.190777821441
171.725739383292 115.09581994079
171.975340748674 115.793839009021
172.224942114057 116.25754570499
172.47454347944 116.462159719836
172.724144844822 116.408736811234
172.973746210205 116.113339654637
173.223347575588 115.592215973576
173.47294894097 114.866615609263
173.722550306353 114.000465267127
173.972151671736 113.079306378902
174.221753037119 112.185489379848
174.471354402501 111.350964948917
174.720955767884 110.568930390945
174.970557133267 109.846827723846
175.220158498649 109.173256291693
175.469759864032 108.491306915932
175.719361229415 107.857805197896
175.968962594797 107.379381862919
176.21856396018 107.154668554899
176.468165325563 107.190529115831
176.717766690945 107.436137624792
176.967368056328 107.84129849434
177.216969421711 108.383755509326
177.466570787094 109.065713093221
177.716172152476 109.890202052526
177.965773517859 110.860253193743
178.215374883242 111.978987150751
178.464976248624 113.250043619194
178.714577614007 114.677248318134
178.96417897939 116.264427304018
179.213780344772 118.031228090233
179.463381710155 119.982559436489
179.712983075538 121.990926590104
179.96258444092 123.947534224358
180.212185806303 125.908459318003
180.461787171686 127.960668209633
180.711388537069 129.986982307361
180.960989902451 131.819405144691
181.210591267834 133.514304753156
181.460192633217 135.156337754501
181.709793998599 136.758358535977
181.959395363982 138.302633255153
182.208996729365 139.771360534739
182.458598094747 141.147192791221
182.70819946013 142.420195487172
182.957800825513 143.596809707382
183.207402190895 144.685746419918
183.457003556278 145.695716592847
183.706604921661 146.635327500689
183.956206287044 147.511257658935
184.205807652426 148.328480645719
184.455409017809 149.091911323583
184.705010383192 149.806464555066
184.954611748574 150.476405550703
185.204213113957 151.102156731306
185.45381447934 151.682732724061
185.703415844722 152.217146036256
185.953017210105 152.704428430503
186.202618575488 153.147782381655
186.45221994087 153.559759657677
186.701821306253 153.95418387633
186.951422671636 154.344878655374
187.201024037019 154.74566761257
187.450625402401 155.170374365677
187.700226767784 155.632829712808
187.949828133167 156.149175761941
188.199429498549 156.741166646846
188.449030863932 157.431391802565
188.698632229315 158.242440664137
188.948233594697 159.196128721296
189.19783496008 160.295924298092
189.447436325463 161.526639749765
189.697037690845 162.872251720233
189.946639056228 164.319805201209
190.196240421611 165.901121163442
190.445841786993 167.68130972883
190.695443152376 169.676742139135
190.945044517759 171.820012065361
191.194645883142 174.049693817668
191.444247248524 176.29552992662
191.693848613907 178.454009413198
191.94344997929 180.417345453996
192.193051344672 182.020088978024
192.442652710055 182.951070012848
192.692254075438 182.876452221226
192.94185544082 181.467496449204
193.191456806203 178.950342399433
193.441058171586 176.406054030904
193.690659536968 173.104406054182
193.940260902351 169.320121001739
194.189862267734 165.918925511029
194.439463633117 162.781656366602
194.689064998499 159.887852745612
194.938666363882 157.412602516242
195.188267729265 155.45466302305
195.437869094647 153.942637347558
195.68747046003 152.78507053567
195.937071825413 151.893333069807
196.186673190795 151.191443877715
196.436274556178 150.606959847686
196.685875921561 150.067460688945
196.935477286943 149.500688403099
197.185078652326 148.834455770167
197.434680017709 148.000787126699
197.684281383092 146.984675279126
197.933882748474 145.806886995022
198.183484113857 144.448190211083
198.43308547924 142.814501273348
198.682686844622 140.809262104933
198.932288210005 138.366859557633
199.181889575388 135.363390572546
199.43149094077 131.598381834922
199.681092306153 127.284313147181
199.930693671536 122.801526672176
200.180295036918 118.33096043053
200.429896402301 114.039206482594
200.679497767684 110.237396956735
200.929099133067 106.926106313026
201.178700498449 104.076439065363
201.428301863832 101.52398208952
201.677903229215 99.1194651891528
201.927504594597 96.9078061459945
202.17710595998 94.701006536808
202.426707325363 92.573120209551
202.676308690745 90.5980536165579
202.925910056128 88.7695344052701
203.175511421511 87.0357109804336
203.425112786893 85.4480837254831
203.674714152276 84.0739237609004
203.924315517659 82.9238579310382
204.173916883042 81.9794812731013
204.423518248424 81.2238356282895
204.673119613807 80.6423183951647
204.92272097919 80.2205024870576
205.172322344572 79.9439608172992
205.421923709955 79.7977581126788
205.671525075338 79.760915214178
205.92112644072 79.8084880104064
206.170727806103 79.9154632933432
206.420329171486 80.0568278549672
206.669930536868 80.2075955913765
206.919531902251 80.3488556238468
207.169133267634 80.4753696167035
207.418734633017 80.5837638702501
207.668335998399 80.6706646847905
207.917937363782 80.7326983606281
208.167538729165 80.7664911980666
208.417140094547 80.7686694974096
208.66674145993 80.73588076622
208.916342825313 80.6658191186655
209.165944190695 80.5576828811894
209.415545556078 80.4107868999647
209.665146921461 80.224446021164
209.914748286843 79.9979750909602
210.164349652226 79.7306889460114
210.413951017609 79.4218841526647
210.663552382992 79.07080094975
210.913153748374 78.6766687555166
211.162755113757 78.2387169882135
211.41235647914 77.75617506609
211.661957844522 77.2282724073953
211.911559209905 76.6553176692788
212.161160575288 76.0454608814413
212.41076194067 75.4103145071639
212.660363306053 74.7615062561597
212.909964671436 74.1100566676255
213.159566036818 73.4633987267874
213.409167402201 72.8276524847462
213.658768767584 72.2089360301064
213.908370132966 71.6133661158965
214.157971498349 71.0464813907757
214.407572863732 70.5123419585471
214.657174229115 70.0147749153738
214.906775594497 69.5584861784061
215.15637695988 69.1516255767353
215.405978325263 68.8031864352483
215.655579690645 68.522162078832
215.905181056028 68.3175458323734
216.154782421411 68.1979697866302
216.404383786793 68.1638421143222
216.653985152176 68.207393724279
216.903586517559 68.3205036221251
217.153187882941 68.4950508134852
217.402789248324 68.7229143039839
217.652390613707 68.9959730992458
217.90199197909 69.3061741716766
218.151593344472 69.6471707835689
218.401194709855 70.0144059614675
218.650796075238 70.403407405511
218.90039744062 70.8097028158382
219.149998806003 71.2282946621609
219.399600171386 71.6503206265577
219.649201536768 72.0651928091843
219.898802902151 72.4623153116796
220.148404267534 72.8310976342834
220.398005632916 73.1645575342784
220.647606998299 73.4655709035418
220.897208363682 73.7386818213106
221.146809729065 73.9884343668222
221.396411094447 74.2193726193136
221.64601245983 74.4360406580219
221.895613825213 74.6429825621844
222.145215190595 74.8447424110381
222.394816555978 75.0458642838202
222.644417921361 75.2507933729806
222.894019286743 75.4631325565374
223.143620652126 75.686058674263
223.393222017509 75.9227452673658
223.642823382891 76.176366070734
223.892424748274 76.4509670585141
224.142026113657 76.7534722295087
224.39162747904 77.0913983414705
224.641228844422 77.472262152152
224.890830209805 77.903580419306
225.140431575188 78.3928699006851
225.39003294057 78.9476472897868
225.639634305953 79.5743036669372
225.889235671336 80.2752364640567
226.138837036718 81.0519578134719
226.388438402101 81.9059798475087
226.638039767484 82.8388146984937
226.887641132866 83.8511472465457
227.137242498249 84.9313721040048
227.386843863632 86.0584675544744
227.636445229014 87.2117743007021
227.886046594397 88.3850148865699
228.13564795978 89.5865969138245
228.385249325163 90.8252117726137
228.634850690545 92.0946292477023
228.884452055928 93.3691244397627
229.134053421311 94.6216583619407
229.383654786693 95.8251920273828
229.633256152076 96.9618247286091
229.882857517459 98.0945733379806
230.132458882841 99.3287112652958
230.382060248224 100.769879224762
230.631661613607 102.523689906167
230.881262978989 104.653904996437
231.130864344372 107.098385436092
231.380465709755 109.771413638236
231.630067075138 112.62487161833
231.87966844052 115.766719506861
232.129269805903 119.426217956259
232.378871171286 123.210675684842
232.628472536668 126.709013634113
232.878073902051 130.374830177415
233.127675267434 133.917835391557
233.377276632816 136.796018088571
233.626877998199 139.273588208482
233.876479363582 141.515015271237
234.126080728964 143.50652295657
234.375682094347 145.229909045915
234.62528345973 146.666971320701
234.874884825113 147.803971348265
235.124486190495 148.646791647502
235.374087555878 149.20670422865
235.623688921261 149.494983227343
235.873290286643 149.530051921765
236.122891652026 149.353563857939
236.372493017409 149.011882807261
236.622094382791 148.551372541127
236.871695748174 148.018396830932
237.121297113557 147.456724825326
237.370898478939 146.868152382389
237.620499844322 146.220473343623
237.870101209705 145.480891294273
238.119702575088 144.629478952387
238.36930394047 143.661849311561
238.618905305853 142.574543468441
238.868506671236 141.364696577476
239.118108036618 140.043521262967
239.367709402001 138.636541614945
239.617310767384 137.169305430109
239.866912132766 135.63129032206
240.116513498149 133.956609724497
240.366114863532 132.106663047789
240.615716228914 130.186871498103
240.865317594297 128.287420378876
241.11491895968 126.419478540454
241.364520325063 124.593916983432
241.614121690445 122.844517363222
241.863723055828 121.209415786453
242.113324421211 119.705990543487
242.362925786593 118.336316049901
242.612527151976 117.077946168505
242.862128517359 115.860397668825
243.111729882741 114.607514837069
243.361331248124 113.243750556333
243.610932613507 111.694643980434
243.860533978889 109.869439269304
244.110135344272 107.661191648536
244.359736709655 104.968165559544
244.609338075038 102.010898082536
244.85893944042 99.3751404626396
245.108540805803 96.837072803356
245.358142171186 94.4101549198512
245.607743536568 92.3082413363242
245.857344901951 90.4148055342636
246.106946267334 88.6359834549115
246.356547632716 87.0364864478388
246.606148998099 85.6822909850453
246.855750363482 84.6287700392005
247.105351728864 83.8580976680257
247.354953094247 83.3215583003217
247.60455445963 82.9703273507615
247.854155825013 82.7555820965734
248.103757190395 82.6300899799879
248.353358555778 82.5511066556366
248.602959921161 82.4766739842666
248.852561286543 82.3648338266248
249.102162651926 82.1736280434583
249.351764017309 81.8642591920621
249.601365382691 81.4396313992978
249.850966748074 80.9321114979706
250.100568113457 80.3746862543624
250.350169478839 79.8003424347551
250.599770844222 79.2420668054306
250.849372209605 78.7327517196322
251.098973574987 78.3007595292043
251.34857494037 77.9680158126206
251.598176305753 77.7559555655703
251.847777671136 77.6860137837427
252.097379036518 77.7796254628269
252.346980401901 78.0532002798206
252.596581767284 78.4929073371683
252.846183132666 79.0736579283407
253.095784498049 79.7703443781057
253.345385863432 80.5713040639849
253.594987228814 81.5250819198152
253.844588594197 82.6970691117985
254.09418995958 84.1359630987801
254.343791324962 85.7921062958947
254.593392690345 87.5799443347817
254.842994055728 89.4186692794916
255.092595421111 91.2675670074556
255.342196786493 93.105878087616
255.591798151876 94.9129885022394
255.841399517259 96.6659756754181
256.091000882641 98.3293743170313
256.340602248024 99.863479721091
256.590203613407 101.231912787347
256.839804978789 102.422861807713
257.089406344172 103.435512381447
257.339007709555 104.26910168534
257.588609074937 104.925141438698
257.83821044032 105.416684092826
258.087811805703 105.760433499828
258.337413171086 105.973094946426
258.587014536468 106.071373719344
258.836615901851 106.071975105304
259.086217267234 105.991426631511
259.335818632616 105.844186283826
259.585419997999 105.643375392887
259.835021363382 105.402092945732
260.084622728764 105.133437929398
260.334224094147 104.850601215419
260.58382545953 104.567185028061
260.833426824912 104.296906658561
261.083028190295 104.052292218259
261.332629555678 103.837746814444
261.582230921061 103.654286634226
261.831832286443 103.502916576223
262.081433651826 103.384641539058
262.331035017209 103.300466421351
262.580636382591 103.250504938587
262.830237747974 103.219603452742
263.079839113357 103.179781313864
263.329440478739 103.102842532278
263.579041844122 102.966359460223
263.828643209505 102.754698315969
264.078244574887 102.452615275274
264.32784594027 102.044866513898
264.577447305653 101.516208207597
264.827048671036 100.853274392384
265.076650036418 100.051268425943
265.326251401801 99.1078366841803
265.575852767184 98.0231080082406
265.825454132566 96.8149130097773
266.075055497949 95.5087711644479
266.324656863332 94.1340959030858
266.574258228714 92.7652598041962
266.823859594097 91.4740276707867
267.07346095948 90.2366218177444
267.323062324862 89.0190126288822
267.572663690245 87.795234795795
267.822265055628 86.539677252495
268.07186642101 85.226728932993
268.321467786393 83.8307787713188
268.571069151776 82.3459110980342
268.820670517159 80.8447641617364
269.070271882541 79.4192568192147
269.319873247924 78.1380552167784
269.569474613307 76.94249810068
269.819075978689 75.7245751349782
270.068677344072 74.3998547744284
270.318278709455 73.1324534896692
270.567880074837 72.1567806242667
270.81748144022 71.4881260801125
271.067082805603 71.1029819477693
271.316684170985 70.9778403177996
271.566285536368 71.0891932807658
271.815886901751 71.4139034559473
272.065488267134 71.9335901522418
272.315089632516 72.6331692678258
272.564690997899 73.4976228463904
272.814292363282 74.511932931626
273.063893728664 75.6610810713009
273.313495094047 76.9299220544905
273.56309645943 78.3030164168442
273.812697824812 79.7641895796675
274.062299190195 81.2929915609878
274.311900555578 82.8673445131658
274.56150192096 84.4651674027101
274.811103286343 86.0644192811901
275.060704651726 87.6510916737191
275.310306017109 89.2288742052931
275.559907382491 90.8004471221911
275.809508747874 92.348874957403
276.059110113257 93.8526021533223
276.308711478639 95.3349703530463
276.558312844022 96.8585783912759
276.807914209405 98.4873474451579
277.057515574787 100.28245412906
277.30711694017 102.272888333282
277.556718305553 104.467981615289
277.806319670935 106.942347990475
278.055921036318 109.850548307756
278.305522401701 113.229491245241
278.555123767084 117.061248502377
278.804725132466 121.359891617115
279.054326497849 126.185988449916
279.303927863232 131.234702094821
279.553529228614 135.433465386013
279.803130593997 139.227092387386
280.05273195938 142.768191220972
280.302333324762 146.043610935953
280.551934690145 149.426462044419
280.801536055528 152.80776898487
281.05113742091 156.062306450196
281.300738786293 159.07671104717
281.550340151676 161.702411160972
281.799941517059 163.793826848709
282.049542882441 165.348678009711
282.299144247824 166.504646326811
282.548745613207 167.224668321102
282.798346978589 167.472284735236
283.047948343972 167.321553181424
283.297549709355 166.85660571504
283.547151074737 166.159884961519
283.79675244012 165.249253249884
284.046353805503 164.070383556858
284.295955170885 162.638213415405
284.545556536268 160.998608942811
284.795157901651 159.197534633654
285.044759267034 157.26615317474
285.294360632416 155.15416035869
285.543961997799 152.787715884578
285.793563363182 150.186100337974
286.043164728564 147.458149629328
286.292766093947 144.716678962734
286.54236745933 142.092910572685
286.791968824712 139.704727233541
287.041570190095 137.408348733728
287.291171555478 135.173117931685
287.54077292086 133.041826563219
287.790374286243 131.067331578707
288.039975651626 129.310318506112
288.289577017009 127.829497063556
288.539178382391 126.619659950631
288.788779747774 125.602971862374
289.038381113157 124.697811656318
289.287982478539 123.833750666068
289.537583843922 122.959220488029
289.787185209305 122.024465662143
290.036786574687 120.979730728352
290.28638794007 119.777695472556
290.535989305453 118.408281227079
290.785590670835 116.8894712751
291.035192036218 115.236123225501
291.284793401601 113.462166290147
291.534394766983 111.592288496856
291.783996132366 109.716296847861
292.033597497749 107.948371700773
292.283198863132 106.378787735475
292.532800228514 104.859562517209
292.782401593897 103.105174115393
293.03200295928 100.773172114581
293.281604324662 97.436708116492
293.531205690045 93.1374026675923
293.780807055428 88.6789577218811
294.03040842081 83.3630397600154
294.280009786193 77.6452080540266
294.529611151576 73.0070068156518
294.779212516958 69.0873704137213
295.028813882341 65.7566248061502
295.278415247724 63.0365223934171
295.528016613107 60.9069243116554
295.777617978489 59.3139339238776
296.027219343872 58.1713541610672
296.276820709255 57.4357593584095
296.526422074637 57.253723063295
296.77602344002 57.5500739397153
297.025624805403 58.1823672581347
297.275226170785 59.008158289017
297.524827536168 59.8850023028267
297.774428901551 60.6753469197081
298.024030266933 61.3120319956812
298.273631632316 61.7806824422944
298.523232997699 62.0682023618801
298.772834363082 62.1632020885248
299.022435728464 62.0707953742267
299.272037093847 61.8054840493261
299.52163845923 61.3886541297978
299.771239824612 60.8515067151122
300.020841189995 60.2259187821604
300.270442555378 59.5306119055612
300.52004392076 58.7575830374629
300.769645286143 57.8955880585203
301.019246651526 56.9337008808674
301.268848016908 55.8849267361704
301.518449382291 54.8024594412882
301.768050747674 53.743338782985
302.017652113057 52.7646045480242
302.267253478439 51.9232965231698
302.516854843822 51.2764534126048
302.766456209205 50.8572478756198
303.016057574587 50.6133985744843
303.26565893997 50.4780557553925
303.515260305353 50.4359963858175
303.764861670735 50.5047127800196
304.014463036118 50.702216508215
304.264064401501 51.0430448680545
304.513665766883 51.5134788293145
304.763267132266 52.0860500412561
305.012868497649 52.733198343843
305.262469863032 53.427363577039
305.512071228414 54.1409855808081
305.761672593797 54.847022233878
306.01127395918 55.528242128845
306.260875324562 56.1761809685137
306.510476689945 56.782682945752
306.760078055328 57.3395922534282
307.00967942071 57.8387530844102
307.259280786093 58.2720553417179
307.508882151476 58.6349240756375
307.758483516858 58.9287758289776
308.008084882241 59.155607408316
308.257686247624 59.3172885172318
308.507287613007 59.4106642509763
308.756888978389 59.4260038519574
309.006490343772 59.3531321531197
309.256091709155 59.1818739874083
309.505693074537 58.9020541877682
309.75529443992 58.5066840623127
310.004895805303 58.0049990855672
310.254497170685 57.4113853519471
310.504098536068 56.7402310624827
310.753699901451 56.0059244182044
311.003301266833 55.2227261210316
311.252902632216 54.4009911751444
311.502503997599 53.5465368352154
311.752105362982 52.6649255542435
312.001706728364 51.761719785227
312.251308093747 50.8432018186764
312.50090945913 49.9221591144084
312.750510824512 49.0148330946236
313.000112189895 48.137496996778
313.249713555278 47.3064240631228
313.49931492066 46.5382935566624
313.748916286043 45.8512992244023
313.998517651426 45.26398786032
314.248119016808 44.7929509650661
314.497720382191 44.4436136959552
314.747321747574 44.2174435996946
314.996923112956 44.1159035745321
315.246524478339 44.1404565187158
315.496125843722 44.2925653304936
315.745727209105 44.5736929081134
315.995328574487 44.9819369473316
316.24492993987 45.4944202771265
316.494531305253 46.0801986443222
316.744132670635 46.7083109601891
316.993734036018 47.3477961359975
317.243335401401 47.9676930830175
317.492936766783 48.5394767460892
317.742538132166 49.0685004545893
317.992139497549 49.5849413661353
318.241740862931 50.1187412977107
318.491342228314 50.6810727266381
318.740943593697 51.2642014205796
318.99054495908 51.8595602852791
319.240146324462 52.458582226481
319.489747689845 53.0548531097343
319.739349055228 53.6568499383414
319.98895042061 54.2793445311733
320.238551785993 54.9363722863187
320.488153151376 55.6338958881625
320.737754516758 56.3730046115124
320.987355882141 57.1547203059844
321.236957247524 57.9800648292258
321.486558612906 58.8507806643028
321.736159978289 59.7713019502105
321.985761343672 60.7466911482516
322.235362709055 61.7820107197283
322.484964074437 62.8820944319522
322.73456543982 64.0392643489361
322.984166805203 65.2271148502831
323.233768170585 66.4177046741624
323.483369535968 67.5830925587427
323.732970901351 68.6953372421937
323.982572266733 69.7294379765258
324.232173632116 70.6762804451161
324.481774997499 71.5320909880891
324.731376362881 72.2930999292377
324.980977728264 72.9565283704456
325.230579093647 73.523497873437
325.48018045903 73.996089698602
325.729781824412 74.3763812028694
325.979383189795 74.6620700019022
326.228984555178 74.8380789497151
326.47858592056 74.8870143724474
326.728187285943 74.7914825962386
326.977788651326 74.5340899472281
327.227390016708 74.0974427515551
327.476991382091 73.4673750380999
327.726592747474 72.6502357115164
327.976194112856 71.6604069650773
328.225795478239 70.5122897202951
328.475396843622 69.2202848986817
328.724998209005 67.7989147356321
328.974599574387 66.2686557108227
329.22420093977 64.6585230004028
329.473802305153 62.9982339175751
329.723403670535 61.3248305162728
329.973005035918 59.6909136820475
330.222606401301 58.1510731838607
330.472207766683 56.7596407266552
330.721809132066 55.5472349584606
330.971410497449 54.5019921214654
331.221011862831 53.6076316233081
331.470613228214 52.8483438565599
331.720214593597 52.2329153498649
331.969815958979 51.8062875359841
332.219417324362 51.6160791852801
332.469018689745 51.6773421368727
332.718620055128 51.937886774198
332.96822142051 52.3372099956374
333.217822785893 52.8148086995728
333.467424151276 53.311343629063
333.717025516658 53.7891016771476
333.966626882041 54.2294744801569
334.216228247424 54.6145108071638
334.465829612806 54.9262594272408
334.715430978189 55.1470300041105
334.965032343572 55.2606930306459
335.214633708955 55.2516969002226
335.464235074337 55.104490944017
335.71383643972 54.8069538119165
335.963437805103 54.3627819814539
336.213039170485 53.780229532221
336.462640535868 53.0675508966424
336.712241901251 52.2319143553303
336.961843266633 51.276655601446
337.211444632016 50.2042654115631
337.461045997399 49.0172450196312
337.710647362781 47.7259480765552
337.960248728164 46.3625249186458
338.209850093547 44.9628771373741
338.459451458929 43.5629063242105
338.709052824312 42.19876498527
338.958654189695 40.9157130249279
339.208255555078 39.7704799723773
339.45785692046 38.8205266072423
339.707458285843 38.1227067937205
339.957059651226 37.7186289729733
340.206661016608 37.6339053014321
340.456262381991 37.893390738943
340.705863747374 38.517995051868
340.955465112756 39.4632736826478
341.205066478139 40.6310288034524
341.454667843522 41.9214654149142
341.704269208904 43.2384358062319
341.953870574287 44.5262435799525
342.20347193967 45.7543865522399
342.453073305052 46.8923704699212
342.702674670435 47.9091490288258
342.952276035818 48.7660407075365
343.201877401201 49.3953391823459
343.451478766583 49.7224018655984
343.701080131966 49.6844634711524
343.950681497349 49.2835091096755
344.200282862731 48.5434806520013
344.449884228114 47.4883377094459
344.699485593497 46.1524178211742
344.949086958879 44.6148036648997
345.198688324262 42.9666345458958
345.448289689645 41.2989895802398
345.697891055028 39.7024917884697
345.94749242041 38.2601671165845
346.197093785793 37.0411039894871
346.446695151176 36.1035667956003
346.696296516558 35.4567110786069
346.945897881941 35.0995105460389
347.195499247324 35.1364284484021
347.445100612706 35.761427654028
347.694701978089 37.0347436663217
347.944303343472 38.7247457591786
348.193904708854 40.5623036073883
348.443506074237 42.3388457270117
348.69310743962 44.0227218576873
348.942708805002 45.6144180395124
349.192310170385 47.0985576569436
349.441911535768 48.3970339854479
349.691512901151 49.4199894116503
349.941114266533 50.1223171825047
350.190715631916 50.4883208949216
350.440316997299 50.5038202982924
350.689918362681 50.173356205491
350.939519728064 49.5163481475916
351.189121093447 48.5454606850283
351.438722458829 47.271409097095
351.688323824212 45.7101722737572
351.937925189595 43.9117546935329
352.187526554977 41.9396924356204
352.43712792036 39.8575561506932
352.686729285743 37.7289164894254
352.936330651126 35.6174999838424
353.185932016508 33.5961044627542
353.435533381891 31.7514287006261
353.685134747274 30.1713487952848
353.934736112656 28.9423221383893
354.184337478039 28.100301646982
354.433938843422 27.620341298051
354.683540208804 27.487256151539
354.933141574187 27.6937283369043
355.18274293957 28.2906654075579
355.432344304952 29.3881580290837
355.681945670335 31.0416179069323
355.931547035718 33.1601372057752
356.181148401101 35.6298076657913
356.430749766483 38.3288276691402
356.680351131866 41.1106752333502
356.929952497249 43.869798384667
357.179553862631 46.546464169641
357.429155228014 49.1009209265603
357.678756593397 51.5371221981844
357.928357958779 53.8832287788641
358.177959324162 56.2793654427356
358.427560689545 58.8304988915641
358.677162054928 61.5081333879257
358.92676342031 64.2709924369033
359.176364785693 67.0787290127565
359.425966151076 69.9238889684211
359.675567516458 72.8411958948831
359.925168881841 75.8752750411886
360.174770247224 79.0734529028264
360.424371612606 82.4739034546611
360.673972977989 86.0414144379211
360.923574343372 89.7055054093524
361.173175708754 93.4025501926537
361.422777074137 97.1482247268006
361.67237843952 101.007985330409
361.921979804902 105.034313591521
362.171581170285 109.059284311003
362.421182535668 112.738352802599
362.670783901051 115.817912533606
362.920385266433 118.222776033672
363.169986631816 119.906944977957
363.419587997199 120.869181560879
363.669189362581 121.069949918337
363.918790727964 120.4006637386
364.168392093347 118.836750176437
364.417993458729 116.67007245069
364.667594824112 114.246742227881
364.917196189495 111.732636755248
365.166797554877 109.180942680826
365.41639892026 106.634533482207
365.666000285643 104.145357951056
365.915601651025 101.78691383414
366.165203016408 99.6330840725547
366.414804381791 97.7357410541973
366.664405747174 96.1163981988139
366.914007112556 94.7954433173718
367.163608477939 93.7972626244342
367.413209843322 93.1471578152867
367.662811208704 92.8251207522468
367.912412574087 92.5570938793061
368.16201393947 91.9915713407786
368.411615304852 90.9850443671109
368.661216670235 89.5794348359404
368.910818035618 87.8231534034965
369.160419401001 85.7604067850666
369.410020766383 83.3784732418492
369.659622131766 80.6241405384965
369.909223497149 77.4898971435973
370.158824862531 74.0539480657524
370.408426227914 70.4037350295235
370.658027593297 66.6629440363965
370.907628958679 63.0637267629313
371.157230324062 59.8396128873224
371.406831689445 57.0489067232125
371.656433054827 54.6546295157749
371.90603442021 52.6204359709713
372.155635785593 50.9351584527065
372.405237150975 49.6077854504929
372.654838516358 48.6478707113874
372.904439881741 48.0631445015261
373.154041247124 47.840133317275
373.403642612506 47.9516810470342
373.653243977889 48.3704034118625
373.902845343272 49.0725549463997
374.152446708654 50.0658503515162
374.402048074037 51.3738844885044
374.65164943942 53.0198643605479
374.901250804802 55.0269185432307
375.150852170185 57.401473589697
375.400453535568 60.097848072101
375.65005490095 63.0593019140319
375.899656266333 66.2212766035741
376.149257631716 69.5152848482788
376.398858997099 72.8728096691665
376.648460362481 76.2253487874809
376.898061727864 79.5210923855509
377.147663093247 82.7569853247916
377.397264458629 85.9388260843644
377.646865824012 89.0722597638357
377.896467189395 92.1419931093151
378.146068554777 95.0907203729637
378.39566992016 97.8561153645876
378.645271285543 100.375851893991
378.894872650925 102.589225404353
379.144474016308 104.462111493584
379.394075381691 105.982100282471
379.643676747074 107.137417911797
379.893278112456 107.915878522661
380.142879477839 108.300892598758
380.392480843222 108.273202643844
380.642082208604 107.813513862786
380.891683573987 106.907480744527
381.14128493937 105.5798520501
381.390886304752 103.873934038185
381.640487670135 101.833145126874
381.890089035518 99.5009037342609
382.1396904009 96.9200816766509
382.389291766283 94.0862443823345
382.638893131666 90.9117874863368
382.888494497049 87.3560225903546
383.138095862431 83.6583631710904
383.387697227814 80.0047896159698
383.637298593197 76.3633623244818
383.886899958579 72.6838856774472
384.136501323962 68.9191621108783
384.386102689345 65.1322515002852
384.635704054727 61.4290634896204
384.88530542011 57.839555561277
385.134906785493 54.3913862144064
385.384508150875 51.1100595318452
385.634109516258 47.9957611718657
385.883710881641 45.0322115915141
386.133312247024 42.2028508940298
386.382913612406 39.4911191826542
386.632514977789 36.8908750382182
386.882116343172 34.4464227500731
387.131717708554 32.2173138451604
387.381319073937 30.2631031025869
387.63092043932 28.6432111861368
387.880521804702 27.3939592805235
388.130123170085 26.502531646746
388.379724535468 25.9498208784362
388.62932590085 25.716655527352
388.878927266233 25.7790073465961
389.128528631616 26.1046704510392
389.378129996998 26.6606536886136
389.627731362381 27.4139659072519
389.877332727764 28.3316159548864
390.126934093147 29.3806126794495
390.376535458529 30.5279649288736
390.626136823912 31.7412243728179
390.875738189295 33.0001650220857
391.125339554677 34.2966391181468
391.37494092006 35.6230129008316
391.624542285443 36.9716526099695
391.874143650825 38.3344540380548
392.123745016208 39.7002109718821
392.373346381591 41.0564611158327
392.622947746974 42.3907386181133
392.872549112356 43.6905776269308
393.122150477739 44.9435045392996
393.371751843122 46.1367098777907
393.621353208504 47.2569267427427
393.870954573887 48.2908554444163
394.12055593927 49.2251962930708
394.370157304652 50.0480619747971
394.619758670035 50.7620572343673
394.869360035418 51.3782961319975
395.1189614008 51.9080011607025
395.368562766183 52.362394813497
395.618164131566 52.7526868891021
395.867765496948 53.0884552093934
396.117366862331 53.3760550805743
396.366968227714 53.6214640604741
396.616569593097 53.8306597069222
396.866170958479 54.0096195777479
397.115772323862 54.1643212307802
397.365373689245 54.3007422238487
397.614975054627 54.4248601147825
397.86457642001 54.5428049174705
398.114177785393 54.6625972327705
398.363779150775 54.7935360170603
398.613380516158 54.9449443282544
398.862981881541 55.1261452242672
399.112583246923 55.3464409223742
399.362184612306 55.6089679497872
399.611785977689 55.9021291645007
399.861387343072 56.2121730524679
400.110988708454 56.5253480996421
400.360590073837 56.8279027919763
400.61019143922 57.1060856154238
400.859792804602 57.3450326009232
401.109394169985 57.5244300467607
401.358995535368 57.6222980916866
401.60859690075 57.6166564547046
401.858198266133 57.4855248548183
402.107799631516 57.2069230110314
402.357400996898 56.759488577616
402.607002362281 56.128663106218
402.856603727664 55.3041039851478
403.106205093047 54.2755314563348
403.355806458429 53.0353970639518
403.605407823812 51.5983248334352
403.855009189195 49.9897108369548
404.104610554577 48.2350226314003
404.35421191996 46.3597277736603
404.603813285343 44.3892938206243
404.853414650725 42.3491883291815
405.103016016108 40.2648788562215
405.352617381491 38.1713102958347
405.602218746873 36.1502013129211
405.851820112256 34.297675100962
406.101421477639 32.6962603521707
406.351022843022 31.3203508249919
406.600624208404 30.0927169485059
406.850225573787 28.9358097974795
407.09982693917 27.7850814574834
407.349428304552 26.6587507854388
407.599029669935 25.6074949232732
407.848631035318 24.6820673631103
408.0982324007 23.9331377850846
408.347833766083 23.3792600039682
408.597435131466 22.9585272099841
408.847036496848 22.5966356092135
409.096637862231 22.2192814077377
409.346239227614 21.752160811638
409.595840592997 21.1209700269954
409.845441958379 20.2672852103561
410.095043323762 19.2154724353905
410.344644689145 18.0167907942524
410.594246054527 16.7225136061363
410.84384741991 15.3876629843101
411.093448785293 14.0827284962101
411.343050150675 12.882188337265
411.592651516058 11.8529515103722
411.842252881441 11.0133693514747
412.091854246823 10.3626164240628
412.341455612206 9.8998202572739
412.591056977589 9.62410838024443
412.840658342971 9.53499932034197
413.090259708354 9.65060608154864
413.339861073737 10.0153673083767
413.58946243912 10.6757177075183
413.839063804502 11.6752379172445
414.088665169885 12.9794834161181
414.338266535268 14.468414943325
414.58786790065 16.0186786437844
414.837469266033 17.5601866957453
415.087070631416 19.1000375217692
415.336671996798 20.6513783416936
415.586273362181 22.2273563753579
415.835874727564 23.8371159976434
416.085476092947 25.447587935741
416.335077458329 27.0003882484965
416.584678823712 28.4367895217433
416.834280189095 29.6980643413136
417.083881554477 30.7254852930408
417.33348291986 31.4618766683902
417.583084285243 31.8955572175414
417.832685650625 32.0665630352621
418.082287016008 32.0177329150925
418.331888381391 31.7919056505725
418.581489746773 31.4319200352423
418.831091112156 30.9806148626419
419.080692477539 30.4802954029679
419.330293842921 29.9546443500082
419.579895208304 29.4043116809486
419.829496573687 28.8285193124501
420.07909793907 28.226489161173
420.328699304452 27.5974431437784
420.578300669835 26.9496525461207
420.827902035218 26.3345619606526
421.0775034006 25.8164768124653
421.327104765983 25.459704712632
421.576706131366 25.3285532722257
421.826307496748 25.4857985556597
422.075908862131 25.9530681003737
422.325510227514 26.7072537804277
422.575111592896 27.7229969244069
422.824712958279 28.974938860896
423.074314323662 30.4377209184801
423.323915689045 32.1012131859156
423.573517054427 34.016480290104
423.82311841981 36.2499556871534
424.072719785193 38.8521436221022
424.322321150575 41.7843547577549
424.571922515958 44.9768728147137
424.821523881341 48.3599501982027
425.071125246723 51.8572011303309
425.320726612106 55.3661085410289
425.570327977489 58.7777262302864
425.819929342871 61.9831199955212
426.069530708254 64.8796033529503
426.319132073637 67.3809468378433
426.56873343902 69.4035987426032
426.818334804402 70.864007359634
427.067936169785 71.6803411232057
427.317537535168 71.8167428786746
427.56713890055 71.2872016654207
427.816740265933 70.1082026086655
428.066341631316 68.2962308336307
428.315942996698 65.8761607352115
428.565544362081 62.9413992325669
428.815145727464 59.6188252733303
429.064747092846 56.0355446108596
429.314348458229 52.3055879150516
429.563949823612 48.4586158883233
429.813551188995 44.4917978875215
430.063152554377 40.4293333853633
430.31275391976 36.324935609584
430.562355285143 32.2338055501066
430.811956650525 28.2122077877117
431.061558015908 24.3377892914872
431.311159381291 20.7079964608217
431.560760746673 17.4202568196641
431.810362112056 14.5377040618207
432.059963477439 12.0761004525387
432.309564842821 10.0477415808166
432.559166208204 8.46492303565142
432.808767573587 7.3399404060405
433.05836893897 6.677628803182
433.307970304352 6.44092094195431
433.557571669735 6.57813076568489
433.807173035118 7.03755710115995
434.0567744005 7.76749877516563
434.306375765883 8.71641955851249
434.555977131266 9.83855692025392
434.805578496648 11.0952987718901
435.055179862031 12.448477271596
435.304781227414 13.8599245775473
435.554382592796 15.2914728479198
435.803983958179 16.7060070556826
436.053585323562 18.0709909476847
436.303186688944 19.355132721893
436.552788054327 20.5292058655024
436.80238941971 21.5771506666334
437.051990785093 22.4880778031252
437.301592150475 23.2511102115751
437.551193515858 23.8553708285802
437.800794881241 24.2901585861684
438.050396246623 24.5519133059841
438.299997612006 24.6465278994346
438.549598977389 24.5805451496295
438.799200342771 24.3605078396784
439.048801708154 23.9929587526908
439.298403073537 23.4844473186585
439.54800443892 22.8452188666534
439.797605804302 22.0953513443539
440.047207169685 21.2565398267003
440.296808535068 20.3505216228029
440.54640990045 19.4057957018932
440.796011265833 18.4649910531014
441.045612631216 17.5725086356509
441.295213996598 16.7726259550172
441.544815361981 16.1007204650348
441.794416727364 15.5774399223427
442.044018092746 15.2220491089897
442.293619458129 15.0534666932585
442.543220823512 15.0770109583055
442.792822188894 15.2802483362123
443.042423554277 15.6495503377592
443.29202491966 16.1712884737266
443.541626285043 16.8310390427495
443.791227650425 17.606342817741
444.040829015808 18.4700780254513
444.290430381191 19.3960030082598
444.540031746573 20.3723317000304
444.789633111956 21.3986295247145
445.039234477339 22.4747671159416
445.288835842721 23.6006151073425
445.538437208104 24.7760245488879
445.788038573487 25.9908271209296
446.037639938869 27.2085345810254
446.287241304252 28.3883887202972
446.536842669635 29.4896313298669
446.786444035017 30.4715042008569
447.0360454004 31.2932491243896
447.285646765783 31.9141078915868
447.535248131166 32.2936564821575
447.784849496548 32.4115970796645
448.034450861931 32.2788706209796
448.284052227314 31.9091102956569
448.533653592696 31.3159492932497
448.783254958079 30.5140279413945
449.032856323462 29.5306806366347
449.282457688844 28.4019254291889
449.532059054227 27.1639489983586
449.78166041961 25.8529380234463
450.031261784992 24.5050791837548
450.280863150375 23.1562897703509
450.530464515758 21.8310942431645
450.780065881141 20.5386617572763
451.029667246523 19.287077386492
451.279268611906 18.0844262046161
451.528869977289 16.9387932854541
451.778471342671 15.8582637028118
452.028072708054 14.8505837124188
452.277674073437 13.9044693232166
452.527275438819 13.0099949173295
452.776876804202 12.1850882471327
453.026478169585 11.4487889181116
453.276079534967 10.8201365357519
453.52568090035 10.318170705539
453.775282265733 9.96193103295825
454.024883631116 9.76913471660204
454.274484996498 9.72832912366905
454.524086361881 9.79956741558964
454.773687727264 9.94171549528851
455.023289092646 10.1136392656903
455.272890458029 10.2742046297197
455.522491823412 10.3822774903014
455.772093188794 10.3977608849823
456.021694554177 10.3072297788901
456.27129591956 10.1255973202256
456.520897284943 9.86914742658181
456.770498650325 9.55416401555204
457.020100015708 9.19693100429159
457.269701381091 8.80219741434044
457.519302746473 8.32903705141737
457.768904111856 7.73099924055842
458.018505477239 7.03164312536154
458.268106842621 6.30107377742684
458.517708208004 5.60885085006262
458.767309573387 4.99721636302687
459.016910938769 4.48340596487215
459.266512304152 4.0837331632094
459.516113669535 3.81534600742533
459.765715034917 3.70697382201585
460.0153164003 3.79581946815495
460.264917765683 4.11927971835218
460.514519131066 4.71475134511681
460.764120496448 5.61963112095858
461.013721861831 6.8695663258185
461.263323227214 8.41094502325195
461.512924592596 10.0601530555064
461.762525957979 11.6599249857072
462.012127323362 13.185976922542
462.261728688744 14.6442098765766
462.511330054127 16.0405248583778
462.76093141951 17.3808228785112
463.010532784893 18.671004947543
463.260134150275 19.9151309509065
463.509735515658 21.1041899505128
463.759336881041 22.2235160722285
464.008938246423 23.2584208485182
464.258539611806 24.1942158118473
464.508140977189 25.0162124946803
464.757742342571 25.709722429482
465.007343707954 26.2612010596341
465.256945073337 26.6659984171024
465.506546438719 26.9236301996086
465.756147804102 27.0336359121784
466.005749169485 26.9955550598374
466.255350534867 26.809074886284
466.50495190025 26.4850356306719
466.754553265633 26.0530274724717
467.004154631016 25.5444374671584
467.253755996398 24.9906526702071
467.503357361781 24.4230601370926
467.752958727164 23.8730469232897
468.002560092546 23.3720000842733
468.252161457929 22.9513066755185
468.501762823312 22.6423537524998
468.751364188694 22.4697127399018
469.000965554077 22.4239721335335
469.25056691946 22.4851499371957
469.500168284842 22.6332607934373
469.749769650225 22.8483193448075
469.999371015608 23.1103402338552
470.24897238099 23.4012659672444
470.498573746373 23.7244125445493
470.748175111756 24.0964079498562
470.997776477139 24.5340815401068
471.247377842521 25.0542626722436
471.496979207904 25.6737807032081
471.746580573287 26.4094649899427
471.996181938669 27.2771935828787
472.245783304052 28.2809849181191
472.495384669435 29.4168078748538
472.744986034817 30.6804780928393
472.9945874002 32.0678112118328
473.244188765583 33.5746228715904
473.493790130965 35.1965788288835
473.743391496348 36.923923326626
473.992992861731 38.7400837020856
474.242594227114 40.6280537341465
474.492195592496 42.5708272016928
474.741796957879 44.5520472201593
474.991398323262 46.5613596823123
475.240999688644 48.5916567119675
475.490601054027 50.6358622641008
475.74020241941 52.6868990960269
475.989803784792 54.7329327897467
476.239405150175 56.7465682647838
476.489006515558 58.6972338878669
476.73860788094 60.5543580257249
476.988209246323 62.2874827304498
477.237810611706 63.8706018701945
477.487411977089 65.2835111339376
477.737013342471 66.5063958483965
477.986614707854 67.5194413402883
478.236216073237 68.3028329363308
478.485817438619 68.8367814330178
478.735418804002 69.1118061669848
478.985020169385 69.144496348608
479.234621534767 68.9554994469783
479.48422290015 68.5654629311865
479.733824265533 67.9950342703238
479.983425630915 67.2648609334806
480.233026996298 66.3946228825898
480.482628361681 65.3987825481085
480.732229727064 64.2900514122967
480.981831092446 63.0811396727464
481.231432457829 61.7847575270495
481.481033823212 60.4136151727987
481.730635188594 58.9804228075844
481.980236553977 57.4964632259104
482.22983791936 55.96399065595
482.479439284742 54.3817395668916
482.729040650125 52.7484364402555
482.978642015508 51.062807757562
483.22824338089 49.3235910429759
483.477844746273 47.5300468705424
483.727446111656 45.6821751234201
483.977047477039 43.7800316093603
484.226648842421 41.8236721361129
484.476250207804 39.8131525114292
484.725851573187 37.748528543061
484.975452938569 35.6299813351208
485.225054303952 33.466223046383
485.474655669335 31.2798070580614
485.724257034717 29.0945526845466
485.9738584001 26.9342792402277
486.223459765483 24.8228060394953
486.473061130865 22.7839518795701
486.722662496248 20.8336283554164
486.972263861631 18.9598540665994
487.221865227014 17.1445002820241
487.471466592396 15.3694506857582
487.721067957779 13.6267311468475
487.970669323162 11.9368327542615
488.220270688544 10.3252032350337
488.469872053927 8.81729031619553
488.71947341931 7.43854172478069
488.969074784692 6.21275869580126
489.218676150075 5.14217784988606
489.468277515458 4.21387825303222
489.71787888084 3.41462402941834
489.967480246223 2.73117930322234
490.217081611606 2.15030819862227
490.466682976989 1.65877483979646
490.716284342371 1.24377132662192
490.965885707754 0.899037134856519
491.215487073137 0.623426387220996
491.465088438519 0.415929146980127
491.714689803902 0.275535477398491
491.964291169285 0.199436786048126
492.213892534667 0.175166254460777
492.46349390005 0.187029177890925
492.713095265433 0.219328574230063
492.962696630815 0.25636746136971
493.212297996198 0.282448857201361
493.461899361581 0.282937799328248
493.711500726963 0.256062547137574
493.961102092346 0.208602610772007
494.210703457729 0.147491802268374
494.460304823112 0.0796639336635163
494.709906188494 0.0120528169942447
494.959507553877 -0.0484077357026314
495.20910891926 -0.0952127117473519
495.458710284642 -0.127546149398201
495.708311650025 -0.148627128738468
495.957913015408 -0.161760441056271
496.20751438079 -0.169984876763179
496.457115746173 -0.173813900692921
496.706717111556 -0.172365911483391
496.956318476938 -0.164744627538881
497.205919842321 -0.150053767263681
497.455521207704 -0.127403611847721
497.705122573087 -0.0966343326176314
497.954723938469 -0.0589703711440325
498.204325303852 -0.0157906638756213
498.453926669235 0.0315258527389104
498.703528034617 0.0816002422508379
498.9531294 0.13305356821148
500 0
502.020202020202 0
504.040404040404 0
506.060606060606 0
508.080808080808 0
510.10101010101 0
512.121212121212 0
514.141414141414 0
516.161616161616 0
518.181818181818 0
520.20202020202 0
522.222222222222 0
524.242424242424 0
526.262626262626 0
528.282828282828 0
530.30303030303 0
532.323232323232 0
534.343434343434 0
536.363636363636 0
538.383838383838 0
540.40404040404 0
542.424242424242 0
544.444444444444 0
546.464646464646 0
548.484848484848 0
550.50505050505 0
552.525252525253 0
554.545454545455 0
556.565656565657 0
558.585858585859 0
560.606060606061 0
562.626262626263 0
564.646464646465 0
566.666666666667 0
568.686868686869 0
570.707070707071 0
572.727272727273 0
574.747474747475 0
576.767676767677 0
578.787878787879 0
580.808080808081 0
582.828282828283 0
584.848484848485 0
586.868686868687 0
588.888888888889 0
590.909090909091 0
592.929292929293 0
594.949494949495 0
596.969696969697 0
598.989898989899 0
601.010101010101 0
603.030303030303 0
605.050505050505 0
607.070707070707 0
609.090909090909 0
611.111111111111 0
613.131313131313 0
615.151515151515 0
617.171717171717 0
619.191919191919 0
621.212121212121 0
623.232323232323 0
625.252525252525 0
627.272727272727 0
629.292929292929 0
631.313131313131 0
633.333333333333 0
635.353535353535 0
637.373737373737 0
639.393939393939 0
641.414141414141 0
643.434343434343 0
645.454545454545 0
647.474747474747 0
649.49494949495 0
651.515151515152 0
653.535353535354 0
655.555555555556 0
657.575757575758 0
659.59595959596 0
661.616161616162 0
663.636363636364 0
665.656565656566 0
667.676767676768 0
669.69696969697 0
671.717171717172 0
673.737373737374 0
675.757575757576 0
677.777777777778 0
679.79797979798 0
681.818181818182 0
683.838383838384 0
685.858585858586 0
687.878787878788 0
689.89898989899 0
691.919191919192 0
693.939393939394 0
695.959595959596 0
697.979797979798 0
700 0
