0.172878454734826 0 -4.32340872934628 0
-4.59330279320847e-06 0 0.5427915971143 0
-7.95967639878205e-06 2.56182382898091e-05 1.55432584287478 0.020049058417156
-7.95967639878205e-06 -2.56182382898091e-05 1.55432584287478 -0.020049058417156
0.000101850670990946 0.000298117990598228 2.60391334327542 0.573338212655364
0.000101850670990946 -0.000298117990598228 2.60391334327542 -0.573338212655364
1.66979603309818e-05 0 4.10589911043443 0
-0.00236598552546291 -0.00071544008735401 4.55446802941257 0.621508488342545
-0.00236598552546291 0.00071544008735401 4.55446802941257 -0.621508488342545
-1.80131150859657e-05 0 4.5833156096137 0
0.338045213878711 0.277885547830453 6.71692178523259 4.25587293891154
0.338045213878711 -0.277885547830453 6.71692178523259 -4.25587293891154
3.00847957363599e-06 0 6.39396124258341 0
-0.0108561566708353 -0.00390733240347693 6.83127265333698 0.920903141646043
-0.0108561566708353 0.00390733240347693 6.83127265333698 -0.920903141646043
-5.65934661781903e-06 0 7.89691288692707 0
-0.00809771789340544 -0.00280482966848794 8.33599779707506 1.35694151539556
-0.00809771789340544 0.00280482966848794 8.33599779707506 -1.35694151539556
-3.25051893867326e-10 0 498.953129402443 0
8.00933032910884e-10 0 498.703528024802 0
-1.75144539867259e-10 0 498.453926674789 0
-0.00054591578323304 0.000510387622730031 9.65228657119452 0.415174073665611
-0.00054591578323304 -0.000510387622730031 9.65228657119452 -0.415174073665611
0.000491707892640369 -0.00041412704939186 10.6469563021317 0.380131474397011
0.000491707892640369 0.00041412704939186 10.6469563021317 -0.380131474397011
0.00185263122430467 0.00181114247480951 12.0167152118291 0.50005122481936
0.00185263122430467 -0.00181114247480951 12.0167152118291 -0.50005122481936
0.000116460567946052 0 13.1658240117267 0
-0.0024241826511296 -0.0162600808689978 13.5129075472849 0.799476577923685
-0.0024241826511296 0.0162600808689978 13.5129075472849 -0.799476577923685
-0.000418575008037518 0.000750950378114742 14.2752870990376 0.304403929931972
-0.000418575008037518 -0.000750950378114742 14.2752870990376 -0.304403929931972
25.0187849075898 -12.2334436856707 18.9659462873805 10.4231507560568
25.0187849075898 12.2334436856707 18.9659462873805 -10.4231507560568
0.654961958207668 -0.772513302138787 15.846360454267 3.57846781263735
0.654961958207668 0.772513302138787 15.846360454267 -3.57846781263735
-1.62468209950684e-05 0 15.2879257495197 0
7.5939069787649e-05 0.000180685288184609 16.3873098654791 0.169498375926897
7.5939069787649e-05 -0.000180685288184609 16.3873098654791 -0.169498375926897
-6.09956109304574e-06 0 17.1069990840088 0
1.23925904204209e-06 0 17.5017082146599 0
-0.00267467893250363 -0.000164173461601107 19.029756748653 0.913909875374533
-0.00267467893250363 0.000164173461601107 19.029756748653 -0.913909875374533
-0.000122877569475678 0 494.72368187042 0
-0.00504598156548916 -0.00173843096565834 494.463606518097 0.141554519480406
-0.00504598156548916 0.00173843096565834 494.463606518097 -0.141554519480406
-0.0199797074796565 -0.00540376251229458 494.122175809068 0.472838942996507
-0.0199797074796565 0.00540376251229458 494.122175809068 -0.472838942996507
-0.0403993765073165 -0.0633537468899007 493.477656846288 0.854973804433196
-0.0403993765073165 0.0633537468899007 493.477656846288 -0.854973804433196
0.232379802550536 -0.00123104308420519 492.324379156556 1.41124091885096
0.232379802550536 0.00123104308420519 492.324379156556 -1.41124091885096
-0.330866957212057 0.806781688673214 491.317024589886 2.32013001004034
-0.330866957212057 -0.806781688673214 491.317024589886 -2.32013001004034
0.00113149120705545 0.000117260296446056 491.898288579601 0.404206332796992
0.00113149120705545 -0.000117260296446056 491.898288579601 -0.404206332796992
4.63539181946019e-06 0 19.5435374768433 0
9.92444289281793e-05 6.68952081819341e-05 20.4386362258035 0.424330877256716
9.92444289281793e-05 -6.68952081819341e-05 20.4386362258035 -0.424330877256716
0.00113186475170478 -0.00298214565430146 490.517035145368 0.576390500406073
0.00113186475170478 0.00298214565430146 490.517035145368 -0.576390500406073
9.59792169892834e-06 0 21.3077197900299 0
0.000343113667926296 -0.000320184163426111 22.5999989676161 0.620506754198306
0.000343113667926296 0.000320184163426111 22.5999989676161 -0.620506754198306
0.0654708355657551 -0.0177605723044711 23.9283038690852 2.15188027445657
0.0654708355657551 0.0177605723044711 23.9283038690852 -2.15188027445657
-0.00230287307790539 0.00154538478357746 24.0496067457557 1.05069136915221
-0.00230287307790539 -0.00154538478357746 24.0496067457557 -1.05069136915221
3.2048911268409e-06 0 24.0035056817476 0
-0.00579049421499171 0.0101960046824443 488.73702918521 0.59189858139763
-0.00579049421499171 -0.0101960046824443 488.73702918521 -0.59189858139763
-14.7046177730028 0.893893495267648 487.887883699411 2.92917700774024
-14.7046177730028 -0.893893495267648 487.887883699411 -2.92917700774024
3.9236380050258e-06 0 24.8184282775723 0
2.28919137013158e-06 -0.000414703572118861 26.0596829390299 0.435455388697694
2.28919137013158e-06 0.000414703572118861 26.0596829390299 -0.435455388697694
-0.000172402673365748 0.000686246471745115 487.075013829353 0.101685603070406
-0.000172402673365748 -0.000686246471745115 487.075013829353 -0.101685603070406
-0.062441487100723 0.188430271583732 486.55982081433 1.02059191966638
-0.062441487100723 -0.188430271583732 486.55982081433 -1.02059191966638
-2.13309011426525 1.21830168512621 485.757493619847 1.92858248481406
-2.13309011426525 -1.21830168512621 485.757493619847 -1.92858248481406
-41.1968080608017 -26.5295000742212 483.968733617749 4.90866070946343
-41.1968080608017 26.5295000742212 483.968733617749 -4.90866070946343
-0.00242548753616693 -0.00268816025418473 484.984854039051 0.506719939773676
-0.00242548753616693 0.00268816025418473 484.984854039051 -0.506719939773676
-4.45608357694668e-05 -1.33664488304337e-05 28.0638648999688 0.265626498880909
-4.45608357694668e-05 1.33664488304337e-05 28.0638648999688 -0.265626498880909
0.0051501849952485 0.00125070785200948 28.6425086002463 0.710389422106765
0.0051501849952485 -0.00125070785200948 28.6425086002463 -0.710389422106765
59.8038013783351 -64.4240649808157 34.8680265142603 9.95319083523786
59.8038013783351 64.4240649808157 34.8680265142603 -9.95319083523786
8.277907249668e-06 0 29.4607174497459 0
-7.78131761590336e-05 0 29.6247968629589 0
-0.00155239195552146 -0.00258560313261164 30.8229624562724 0.510498334643369
-0.00155239195552146 0.00258560313261164 30.8229624562724 -0.510498334643369
2.57928109408853e-05 -2.31203247583736e-05 483.048564581467 0.281199364220007
2.57928109408853e-05 2.31203247583736e-05 483.048564581467 -0.281199364220007
0.000962131171095101 -0.000644545003149063 31.9696614105292 0.386412295548593
0.000962131171095101 0.000644545003149063 31.9696614105292 -0.386412295548593
0.0293205743008311 0.0153318636295085 32.846796267258 1.07797421731085
0.0293205743008311 -0.0153318636295085 32.846796267258 -1.07797421731085
-0.0014292818703075 0.001238991535529 481.662352626945 0.480059386973644
-0.0014292818703075 -0.001238991535529 481.662352626945 -0.480059386973644
-0.0780641963340007 -0.157316021439219 480.963463211649 1.46552003833662
-0.0780641963340007 0.157316021439219 480.963463211649 -1.46552003833662
7.8066514442802e-05 -0.00130129038071566 34.0451091619839 0.338788584315642
7.8066514442802e-05 0.00130129038071566 34.0451091619839 -0.338788584315642
0.00614012412595463 -0.0306754923118872 34.8741779138284 0.920858500967384
0.00614012412595463 0.0306754923118872 34.8741779138284 -0.920858500967384
0.000404598364029935 0.000141923676747059 480.150214095281 0.366430052835349
0.000404598364029935 -0.000141923676747059 480.150214095281 -0.366430052835349
28.9513662279299 -120.821949204702 477.947309171724 4.98208738425881
28.9513662279299 120.821949204702 477.947309171724 -4.98208738425881
-2.90020673267126e-05 0 35.5779475707416 0
-0.00101103143465091 0.0136195004938517 36.7416701694182 0.454645191064843
-0.00101103143465091 -0.0136195004938517 36.7416701694182 -0.454645191064843
-0.00525811333786653 0.0576517878692786 37.5298907260731 0.606807209044496
-0.00525811333786653 -0.0576517878692786 37.5298907260731 -0.606807209044496
10.063921053599 17.4414323548995 41.5469396739743 5.9869015150995
10.063921053599 -17.4414323548995 41.5469396739743 -5.9869015150995
0.001416028575234 -0.00146126768549147 38.7227047903325 0.215495060625794
0.001416028575234 0.00146126768549147 38.7227047903325 -0.215495060625794
0.0340134923879867 0.30512587719324 39.8011847546122 1.63340549441496
0.0340134923879867 -0.30512587719324 39.8011847546122 -1.63340549441496
0.000144864399402988 0 39.3319751613941 0
4.46943693356186e-06 0 39.9353374291615 0
0.0273769400754762 -0.0183673190076735 478.268395394753 0.743093586498562
0.0273769400754762 0.0183673190076735 478.268395394753 -0.743093586498562
6.81711270698355e-05 0 478.369394545542 0
-0.458097839449017 -23.0544455141258 467.374419128039 17.7433677662592
-0.458097839449017 23.0544455141258 467.374419128039 -17.7433677662592
-0.01273225462587 0.0179151520119085 477.272112186501 0.82879651044946
-0.01273225462587 -0.0179151520119085 477.272112186501 -0.82879651044946
0.000453506188756695 -0.000440783288407901 41.4670773706824 0.323703234349754
0.000453506188756695 0.000440783288407901 41.4670773706824 -0.323703234349754
-4.09913713602559e-06 0 42.4500443931487 0
-3.33564140195208e-06 0 43.4175407184013 0
0.00053019342150005 -0.00201751126678239 43.5257105429728 0.549454527492396
0.00053019342150005 0.00201751126678239 43.5257105429728 -0.549454527492396
-0.000498200980248054 0.00375131774625101 475.71259672257 0.492419439378384
-0.000498200980248054 -0.00375131774625101 475.71259672257 -0.492419439378384
0.357209301722103 -0.761600150681192 474.42194735266 1.77781464465271
0.357209301722103 0.761600150681192 474.42194735266 -1.77781464465271
-0.00118561751506687 0.00146101200085717 44.967936067818 0.634294688449091
-0.00118561751506687 -0.00146101200085717 44.967936067818 -0.634294688449091
2.71182762299844e-06 0 474.253212488952 0
0.00147812592973223 0.000533991082419881 473.519496063026 0.462797678826801
0.00147812592973223 -0.000533991082419881 473.519496063026 -0.462797678826801
-0.00162087874193023 0.000975858251160737 46.5413688884607 0.702309661172016
-0.00162087874193023 -0.000975858251160737 46.5413688884607 -0.702309661172016
-0.00553804086140001 -0.000836175817967809 46.973472744906 0.781967570790358
-0.00553804086140001 0.000836175817967809 46.973472744906 -0.781967570790358
-1.53837715968269 0.873072269445274 471.34461975237 2.14200635319542
-1.53837715968269 -0.873072269445274 471.34461975237 -2.14200635319542
-0.00226315318576525 0.00351702095297893 471.760058864671 0.541462343085986
-0.00226315318576525 -0.00351702095297893 471.760058864671 -0.541462343085986
-5.00777139113256e-05 -1.23590647858167e-05 48.6646387315036 0.137231682118441
-5.00777139113256e-05 1.23590647858167e-05 48.6646387315036 -0.137231682118441
-0.00111814181359502 0.00609162519797164 50.2271606774011 0.576140886796768
-0.00111814181359502 -0.00609162519797164 50.2271606774011 -0.576140886796768
-0.771514757965701 0.0286968468243854 51.2904385717142 2.85231593174199
-0.771514757965701 -0.0286968468243854 51.2904385717142 -2.85231593174199
0.00016116564321052 0.000660234756768372 50.8145809544385 0.280647263074037
0.00016116564321052 -0.000660234756768372 50.8145809544385 -0.280647263074037
0.0170665293849085 -0.0122394994336917 469.939147044757 0.659077705390937
0.0170665293849085 0.0122394994336917 469.939147044757 -0.659077705390937
0.604022075082928 0.453823253248308 468.934299755816 1.48312712645209
0.604022075082928 -0.453823253248308 468.934299755816 -1.48312712645209
0.00379082749979101 0.000910877729104493 468.668781631097 0.403841457408688
0.00379082749979101 -0.000910877729104493 468.668781631097 -0.403841457408688
-29.1221533858331 -20.1708976116833 466.52015706873 3.95102197406354
-29.1221533858331 20.1708976116833 466.52015706873 -3.95102197406354
-0.0026426125370893 -0.00244133220815225 52.6864248654859 0.562866186320455
-0.0026426125370893 0.00244133220815225 52.6864248654859 -0.562866186320455
-0.134137321083077 -0.0654375764667037 53.9013198344323 2.17512066570016
-0.134137321083077 0.0654375764667037 53.9013198344323 -2.17512066570016
-4.83409959848648e-05 -0.000125093477335774 54.002448173493 0.228300556708833
-4.83409959848648e-05 0.000125093477335774 54.002448173493 -0.228300556708833
0.0214219044606877 -0.00935119032917615 465.964313253591 0.71708328148313
0.0214219044606877 0.00935119032917615 465.964313253591 -0.71708328148313
5.13873520368857e-05 0 466.122719000531 0
-0.00191654450677454 0.000180653943938509 465.002574267617 0.439430788611847
-0.00191654450677454 -0.000180653943938509 465.002574267617 -0.439430788611847
1.65716022137035e-06 0 54.8519068165241 0
-0.00030777448544386 0.000184046110975693 56.0313863964862 0.542537119868972
-0.00030777448544386 -0.000184046110975693 56.0313863964862 -0.542537119868972
26.1410856893716 48.086405607032 460.863398703176 4.6974795321096
26.1410856893716 -48.086405607032 460.863398703176 -4.6974795321096
-0.00529320101358784 0.00105774132411272 462.874556822997 0.54947233379104
-0.00529320101358784 -0.00105774132411272 462.874556822997 -0.54947233379104
1.73950551125831 0.39501016486967 461.316037770363 1.256479181757
1.73950551125831 -0.39501016486967 461.316037770363 -1.256479181757
0.0160707001478256 -0.1259507174639 461.398397968191 0.642442535104122
0.0160707001478256 0.1259507174639 461.398397968191 -0.642442535104122
-8.77924285663986e-05 0 460.572737105024 0
-0.054760906135724 0.223267963238279 459.923599088987 1.18370331222412
-0.054760906135724 -0.223267963238279 459.923599088987 -1.18370331222412
-0.0106230306097262 0.0121221418957627 57.8791169502274 1.13737434635374
-0.0106230306097262 -0.0121221418957627 57.8791169502274 -1.13737434635374
1.13208131660432e-06 0 57.8053788561642 0
-0.056575762597277 -0.0674834023479842 58.4375299998717 1.52111414477861
-0.056575762597277 0.0674834023479842 58.4375299998717 -1.52111414477861
-1.27832536395468e-05 0 458.781522753951 0
-0.0534967269816177 -0.514243570225017 457.695765046715 1.04845817223119
-0.0534967269816177 0.514243570225017 457.695765046715 -1.04845817223119
0.00858508622008851 -0.00288232857211725 457.315226840871 0.444936225381566
0.00858508622008851 0.00288232857211725 457.315226840871 -0.444936225381566
14.755138167305 -2.22818568808474 454.890885664806 2.87931437956182
14.755138167305 2.22818568808474 454.890885664806 -2.87931437956182
-0.000357140619339939 -0.01908299204681 455.658690172354 0.608233379478354
-0.000357140619339939 0.01908299204681 455.658690172354 -0.608233379478354
0.00100074666563975 -0.0217897302327738 59.528020134836 0.948469546920315
0.00100074666563975 0.0217897302327738 59.528020134836 -0.948469546920315
-0.0010119931891998 0.0173509169767626 453.890649526392 0.58985148294415
-0.0010119931891998 -0.0173509169767626 453.890649526392 -0.58985148294415
-1.05570446767405 -0.536200747343287 453.014722196591 1.94185028362086
-1.05570446767405 0.536200747343287 453.014722196591 -1.94185028362086
-0.00277532770969572 0.00301201259386602 60.5726852691531 0.702341180468255
-0.00277532770969572 -0.00301201259386602 60.5726852691531 -0.702341180468255
-1.19203992227065e-06 0 61.9705946831935 0
0.315819388092049 -0.748050784205093 63.9125821511973 2.50809601525605
0.315819388092049 0.748050784205093 63.9125821511973 -2.50809601525605
-0.000236726027099103 -0.00318635160020016 63.0507373108937 0.515777516941741
-0.000236726027099103 0.00318635160020016 63.0507373108937 -0.515777516941741
3.28717900139486e-06 0 63.1427410309614 0
-102.294345517157 -377.627009653444 87.1455934296327 26.2469438461289
-102.294345517157 377.627009653444 87.1455934296327 -26.2469438461289
0.000676304153039803 0.00341554977276384 64.8047515710176 0.50421404438702
0.000676304153039803 -0.00341554977276384 64.8047515710176 -0.50421404438702
9.09102262936393 -71.8403660889189 70.3916640452499 7.85124181485286
9.09102262936393 71.8403660889189 70.3916640452499 -7.85124181485286
0.00811515018273709 -0.0025560381203565 66.0339024924474 0.748311141802932
0.00811515018273709 0.0025560381203565 66.0339024924474 -0.748311141802932
0.00821164279403561 -0.00385301616916152 452.088502481063 0.466700725923962
0.00821164279403561 0.00385301616916152 452.088502481063 -0.466700725923962
2.91192895021544e-05 0 66.9889973030967 0
-3.54261301870042e-05 0 67.4649885955268 0
-0.004147083395603 -0.00292375893194699 68.3503964603284 0.42476114061258
-0.004147083395603 0.00292375893194699 68.3503964603284 -0.42476114061258
-0.00572202109314539 -0.00277870262365862 69.8270053418505 0.609890171026193
-0.00572202109314539 0.00277870262365862 69.8270053418505 -0.609890171026193
-0.310684396056924 0.0511828376053166 70.9977729059252 1.72440932778474
-0.310684396056924 -0.0511828376053166 70.9977729059252 -1.72440932778474
0.00123098312515976 0.00307200498708582 70.417576889172 0.509659542474757
0.00123098312515976 -0.00307200498708582 70.417576889172 -0.509659542474757
-1.98065273602349e-05 0 450.666859722486 0
0.000124620996653213 0.0250108665860319 450.198080705254 0.761999447406952
0.000124620996653213 -0.0250108665860319 450.198080705254 -0.761999447406952
7.05590046574886 -56.0420818987102 447.720025593381 3.81957753129526
7.05590046574886 56.0420818987102 447.720025593381 -3.81957753129526
9.74055445967529e-06 0 449.08574154947 0
-0.00413753805512023 0.00919702665206908 448.147887772279 0.569035046475734
-0.00413753805512023 -0.00919702665206908 448.147887772279 -0.569035046475734
-0.0118393017810296 -0.00326634901415358 447.603021813181 0.520922125958219
-0.0118393017810296 0.00326634901415358 447.603021813181 -0.520922125958219
-0.00132855762028585 -0.00308685994812793 72.5684193324367 0.47205812453594
-0.00132855762028585 0.00308685994812793 72.5684193324367 -0.47205812453594
-1.4138734316967e-05 0 72.4138111151381 0
-0.0616112516193486 -0.0577013497112912 74.0641096502027 1.2919688087846
-0.0616112516193486 0.0577013497112912 74.0641096502027 -1.2919688087846
0.00360594525477986 -0.00350615048704196 74.9794132961116 0.612503460170174
0.00360594525477986 0.00350615048704196 74.9794132961116 -0.612503460170174
4.67457645188613e-05 0 75.8393642849197 0
0.00709847304403659 -0.00654278823364584 76.5371982935788 0.490486437026237
0.00709847304403659 0.00654278823364584 76.5371982935788 -0.490486437026237
-0.0325827296376626 0.0298546814794921 445.340885880652 0.79383849315554
-0.0325827296376626 -0.0298546814794921 445.340885880652 -0.79383849315554
-6.75459691631196e-05 0 445.439063582461 0
0.019676828771464 0.0121554781452043 77.880718056426 0.937682925157054
0.019676828771464 -0.0121554781452043 77.880718056426 -0.937682925157054
0.00169352353222159 -0.0011856973463135 78.1860576905985 0.318395989895185
0.00169352353222159 0.0011856973463135 78.1860576905985 -0.318395989895185
0.0911437094232344 -0.172709180225463 444.038598507358 1.11915284450558
0.0911437094232344 0.172709180225463 444.038598507358 -1.11915284450558
3.14447464127754e-05 0 443.451939208208 0
-14.4695652758373 7.97545962600458 441.116311256686 2.95787855664899
-14.4695652758373 -7.97545962600458 441.116311256686 -2.95787855664899
-3.29317157744017e-05 0 442.08113161737 0
-0.0123082870979297 -0.0120442867983217 441.81023380458 0.617056853699706
-0.0123082870979297 0.0120442867983217 441.81023380458 -0.617056853699706
0.226695418592247 0.616930200077193 80.9374880218331 2.86111079071954
0.226695418592247 -0.616930200077193 80.9374880218331 -2.86111079071954
5.60040813900376e-07 0 79.920733087323 0
-0.000220504632835428 0.000298432665125212 80.7762520696311 0.48878940771937
-0.000220504632835428 -0.000298432665125212 80.7762520696311 -0.48878940771937
-4.71079293431001e-07 0 82.1574689675721 0
2.39044850035998e-06 0 82.6798010815474 0
-0.00139755901308605 -0.00336308212613504 82.9187449362697 0.824971438121581
-0.00139755901308605 0.00336308212613504 82.9187449362697 -0.824971438121581
3.22928512183795e-07 0 84.2411812750561 0
0.00193339991243687 -0.000723742213332129 84.8365132146454 1.26737607809695
0.00193339991243687 0.000723742213332129 84.8365132146454 -1.26737607809695
3.53183023320457e-07 0 84.9277586868008 0
-8.89085015553996e-06 0 440.30854915645 0
-0.00595381424153871 0.00548353981787604 439.602267980122 0.601180338767163
-0.00595381424153871 -0.00548353981787604 439.602267980122 -0.601180338767163
2.17271112531403e-07 0 86.8182440363482 0
-0.000115751008786814 0.000237942390805186 87.2183888517311 0.699322286278746
-0.000115751008786814 -0.000237942390805186 87.2183888517311 -0.699322286278746
-0.00184415834293691 0.0050221144238338 87.902969285848 1.2200080911377
-0.00184415834293691 -0.0050221144238338 87.902969285848 -1.2200080911377
0.000352615072820277 -0.00243218875975848 437.696168160152 0.498635037214222
0.000352615072820277 0.00243218875975848 437.696168160152 -0.498635037214222
-0.374122168919151 0.91924394709626 436.731619126666 1.76968211001792
-0.374122168919151 -0.91924394709626 436.731619126666 -1.76968211001792
17.0752987430009 0.675427063692191 436.013818228316 3.02453212253134
17.0752987430009 -0.675427063692191 436.013818228316 -3.02453212253134
0.0027978827558849 0.00192749081713735 436.066716922793 0.490118717412221
0.0027978827558849 -0.00192749081713735 436.066716922793 -0.490118717412221
4.11774116475171e-08 0 88.6128239976206 0
73.8816357824804 83.4204595044501 432.897747196168 4.23810378021229
73.8816357824804 -83.4204595044501 432.897747196168 -4.23810378021229
-0.000513518312096083 -0.00220124446420844 434.234361892528 0.523762846816601
-0.000513518312096083 0.00220124446420844 434.234361892528 -0.523762846816601
1.24915362493894e-05 1.13690490851149e-05 90.0775350145729 0.354858514726456
1.24915362493894e-05 -1.13690490851149e-05 90.0775350145729 -0.354858514726456
-3.46253822976898e-06 0 91.2267351322461 0
-0.0326213522432247 0.00937033587613553 91.7695386695815 1.42057278446616
-0.0326213522432247 -0.00937033587613553 91.7695386695815 -1.42057278446616
-0.000156287280374092 -2.54948281099655e-05 92.1043588226696 0.369266075890691
-0.000156287280374092 2.54948281099655e-05 92.1043588226696 -0.369266075890691
-0.0159695993337383 0.00169084082468964 432.637974746292 0.532020293457739
-0.0159695993337383 -0.00169084082468964 432.637974746292 -0.532020293457739
0.0474999903138876 0.0127798072862922 431.670908825943 0.678911195291425
0.0474999903138876 -0.0127798072862922 431.670908825943 -0.678911195291425
0.236026946438632 -0.0299954096459206 430.395742199832 1.02247141826473
0.236026946438632 0.0299954096459206 430.395742199832 -1.02247141826473
-32.0122053705922 -376.438050563383 427.570256649925 5.56216172018029
-32.0122053705922 376.438050563383 427.570256649925 -5.56216172018029
0.289514235657696 1.27379511774092 429.099160736115 1.18143901710199
0.289514235657696 -1.27379511774092 429.099160736115 -1.18143901710199
-1.13024043985334 -1.25388172102317 95.2678911225306 3.42805258220385
-1.13024043985334 1.25388172102317 95.2678911225306 -3.42805258220385
-0.000208733627209743 -0.000123207222220126 94.3681311519781 0.425082281630472
-0.000208733627209743 0.000123207222220126 94.3681311519781 -0.425082281630472
-0.0092954738926613 0.00659795170054198 94.8251028857939 1.10561276685446
-0.0092954738926613 -0.00659795170054198 94.8251028857939 -1.10561276685446
-9.76242605055455e-05 0 428.553436077252 0
-0.000441447176845173 0 428.255382863286 0
-0.0209439439587167 -0.0964688590665553 426.986989938141 0.763047576450535
-0.0209439439587167 0.0964688590665553 426.986989938141 -0.763047576450535
-2.75814962768743e-05 0 96.1106091494998 0
-0.0042095690488316 -0.00526133274538635 96.4868007106214 0.377869675477065
-0.0042095690488316 0.00526133274538635 96.4868007106214 -0.377869675477065
4.8792330007254e-05 0 97.1998041438681 0
0.0269434561085545 -0.00881082521994015 97.8000013342758 0.707616530236274
0.0269434561085545 0.00881082521994015 97.8000013342758 -0.707616530236274
-7.58154496448202e-05 0 425.948404593488 0
-8.41659460297038 7.01720365828825 424.100879268199 2.15606270387376
-8.41659460297038 -7.01720365828825 424.100879268199 -2.15606270387376
-4.63625718904765e-05 0 424.781950141475 0
0.0659219491301321 0.358232502072804 423.796771235057 0.900063233379803
0.0659219491301321 -0.358232502072804 423.796771235057 -0.900063233379803
0.000111983998755204 0 423.350433488283 0
-62.9142748775514 34.4173150399895 421.411263298368 3.72913813611775
-62.9142748775514 -34.4173150399895 421.411263298368 -3.72913813611775
0.0110938631166893 0.0283292335490718 99.3145519733325 0.719059949205528
0.0110938631166893 -0.0283292335490718 99.3145519733325 -0.719059949205528
5.08169510916865e-05 0 99.3737942514495 0
0.0109905947574034 0.0409961457591486 421.744549503829 0.655226946586633
0.0109905947574034 -0.0409961457591486 421.744549503829 -0.655226946586633
-0.152125298985348 0.00370887460133294 101.092025123919 1.10168568501079
-0.152125298985348 -0.00370887460133294 101.092025123919 -1.10168568501079
0.0568424286239153 -0.379321971563852 101.724184083163 1.66088369503677
0.0568424286239153 0.379321971563852 101.724184083163 -1.66088369503677
0.110113891834228 -0.10093387561537 420.176618326616 0.951624476499181
0.110113891834228 0.10093387561537 420.176618326616 -0.951624476499181
0.000127316111486574 0 420.224428897271 0
-2.18231894872339e-05 0 101.760708775675 0
0.00835433908424126 0.000511025025880413 103.670152648564 0.618128852029288
0.00835433908424126 -0.000511025025880413 103.670152648564 -0.618128852029288
8.7049423557075e-06 0 103.773922480342 0
-1.01581147786855 0.237017026423404 105.109665599646 2.61882198319728
-1.01581147786855 -0.237017026423404 105.109665599646 -2.61882198319728
-0.00924956319219925 0.0481191423364592 418.977764713834 0.772309503873149
-0.00924956319219925 -0.0481191423364592 418.977764713834 -0.772309503873149
-3.51478131303349 -14.328611505905 417.337595440151 2.45608438200288
-3.51478131303349 14.328611505905 417.337595440151 -2.45608438200288
-0.0025971234764953 -0.0205952498722679 417.238971520724 0.547488813031219
-0.0025971234764953 0.0205952498722679 417.238971520724 -0.547488813031219
-5.682592511059e-07 0 105.100262934888 0
104.119659773009 -310.596780990576 116.947954462268 13.0661670169386
104.119659773009 310.596780990576 116.947954462268 -13.0661670169386
0.00705199349663973 -0.00999646108690431 106.768464762324 0.547171665891782
0.00705199349663973 0.00999646108690431 106.768464762324 -0.547171665891782
-0.00944818748098558 0.0148332516382605 415.583498176317 0.554789420082151
-0.00944818748098558 -0.0148332516382605 415.583498176317 -0.554789420082151
0.000271518992134311 0 414.451160425362 0
1.01554345803397 0.470422294804145 414.003729757212 1.0846359590896
1.01554345803397 -0.470422294804145 414.003729757212 -1.0846359590896
0.000109507864100636 0 413.660276379054 0
-0.00680450781612356 0.0015972929818705 412.936324369983 0.480099004924704
-0.00680450781612356 -0.0015972929818705 412.936324369983 -0.480099004924704
-153.158285588031 75.4878659596851 409.224062158381 5.55682798009994
-153.158285588031 -75.4878659596851 409.224062158381 -5.55682798009994
-0.0637401171806617 0.0458491482734459 411.183036066315 0.766276870739758
-0.0637401171806617 -0.0458491482734459 411.183036066315 -0.766276870739758
0.000101873882296854 0 410.90054351767 0
27.3154246003928 -18.706628646666 409.15703044727 2.65755174394592
27.3154246003928 18.706628646666 409.15703044727 -2.65755174394592
0.00336387638524332 -0.0161649151764364 409.590366755374 0.473818291969289
0.00336387638524332 0.0161649151764364 409.590366755374 -0.473818291969289
8.33811933099478e-06 0 107.067369038191 0
-0.00345017668730985 0.0132252758707456 108.359463364541 0.736766246092675
-0.00345017668730985 -0.0132252758707456 108.359463364541 -0.736766246092675
0.00153391508412949 0.020756953516793 408.072640090405 0.499923692522451
0.00153391508412949 -0.020756953516793 408.072640090405 -0.499923692522451
1.36134653937373 0.985131766858401 406.263166440627 1.18351797064523
1.36134653937373 -0.985131766858401 406.263166440627 -1.18351797064523
-0.00127585183185414 -0.00375348641570069 406.250225950338 0.196731453016832
-0.00127585183185414 0.00375348641570069 406.250225950338 -0.196731453016832
-0.00685183396826322 -0.000936589961556973 405.286288514935 0.426797782024377
-0.00685183396826322 0.000936589961556973 405.286288514935 -0.426797782024377
-16.1981573250199 -23.5668928160772 403.253311640988 3.54236588316505
-16.1981573250199 23.5668928160772 403.253311640988 -3.54236588316505
0.0597408357973418 0.0380151091293833 109.562967379959 0.608588881198634
0.0597408357973418 -0.0380151091293833 109.562967379959 -0.608588881198634
-0.0113169847003908 0.0153377225611603 110.058145005955 0.412894601763696
-0.0113169847003908 -0.0153377225611603 110.058145005955 -0.412894601763696
0.0279276205015948 0.0107074224069213 111.282616339071 0.451794862817036
0.0279276205015948 -0.0107074224069213 111.282616339071 -0.451794862817036
-0.0621733135912028 0.155143680643722 112.600347431072 1.02137443499945
-0.0621733135912028 -0.155143680643722 112.600347431072 -1.02137443499945
0.0113680008582218 0.0443834505308775 113.490825154643 0.537505645097093
0.0113680008582218 -0.0443834505308775 113.490825154643 -0.537505645097093
-0.000220628014236224 0 113.648306902652 0
0.0186664253957316 -0.00731390169524685 114.830827994552 0.647452325220043
0.0186664253957316 0.00731390169524685 114.830827994552 -0.647452325220043
-0.0154916006375598 0.0128588854982581 115.591043755573 0.85987665465515
-0.0154916006375598 -0.0128588854982581 115.591043755573 -0.85987665465515
0.00990209583583593 -0.00742906827797361 403.022212657545 0.595180403179895
0.00990209583583593 0.00742906827797361 403.022212657545 -0.595180403179895
-0.00999879887553208 -0.0721873484712453 117.302992808993 0.699000979070923
-0.00999879887553208 0.0721873484712453 117.302992808993 -0.699000979070923
-3.28691647566068e-05 0 117.306946490889 0
9.01266787416756e-05 0 117.864737413257 0
-0.150047644434081 -0.0216703758292972 118.79014664859 0.668732128283146
-0.150047644434081 0.0216703758292972 118.79014664859 -0.668732128283146
-2.16355687347662e-05 0 402.177176858543 0
0.0129367337339175 0.000234680601483799 400.879796818273 0.884056695449433
0.0129367337339175 -0.000234680601483799 400.879796818273 -0.884056695449433
6.06427790126068e-06 0 400.640037510503 0
0.118949631852602 0.624603374808771 399.114406231608 1.79123514541595
0.118949631852602 -0.624603374808771 399.114406231608 -1.79123514541595
0.000233370187206398 0.00227652651261448 399.087224421949 0.450399458486119
0.000233370187206398 -0.00227652651261448 399.087224421949 -0.450399458486119
-0.000267945292183898 -7.06576108989145e-05 397.836253401863 0.405693361483225
-0.000267945292183898 7.06576108989145e-05 397.836253401863 -0.405693361483225
-3.87675985674763 -43.3111066246516 394.675496790405 5.54811466726044
-3.87675985674763 43.3111066246516 394.675496790405 -5.54811466726044
-0.0261170971618846 -0.0483924400742384 120.065838883171 0.31114162251447
-0.0261170971618846 0.0483924400742384 120.065838883171 -0.31114162251447
-0.000426753390023855 -5.41891870821835e-06 395.388530248428 0.395244971440419
-0.000426753390023855 5.41891870821835e-06 395.388530248428 -0.395244971440419
-0.319402601008572 -0.533048176865108 394.420098030775 1.76483630856815
-0.319402601008572 0.533048176865108 394.420098030775 -1.76483630856815
-0.000613221906841108 -0.00245523425358844 394.213650294338 0.456650493958956
-0.000613221906841108 0.00245523425358844 394.213650294338 -0.456650493958956
-0.00254990478310409 0 121.027940266051 0
-0.000136483358374953 0 121.556708608645 0
-0.0072124509819169 0 121.979026057327 0
-0.0822066752950185 0.00202840395991345 122.837505739204 0.201643983723284
-0.0822066752950185 -0.00202840395991345 122.837505739204 -0.201643983723284
0.00181543329782563 0 123.344439146196 0
0.0093835985507576 0 124.346616995672 0
0.0196746600672322 0 124.718560116469 0
0.0527258172800931 0.315147921202095 125.66691830811 0.474016194488594
0.0527258172800931 -0.315147921202095 125.66691830811 -0.474016194488594
0.499011174565416 5.94388490343856 128.423056208674 3.3465951290166
0.499011174565416 -5.94388490343856 128.423056208674 -3.3465951290166
0.00540639589232282 0 126.337146137498 0
-0.11032126947417 -0.0569902662355594 127.020203287139 0.250627232785475
-0.11032126947417 0.0569902662355594 127.020203287139 -0.250627232785475
-0.00169453115686034 0 127.524189619991 0
0.255743013139128 0.0500669608392007 128.503878045103 0.758748733907926
0.255743013139128 -0.0500669608392007 128.503878045103 -0.758748733907926
3.1396196319884e-06 0 392.02037148109 0
9.36652324851142e-06 0 391.334227842369 0
-0.141461808589115 -0.241253651368728 390.750114200055 1.44384462699121
-0.141461808589115 0.241253651368728 390.750114200055 -1.44384462699121
-0.00127116001087543 -0.000897284400119785 390.592677377374 0.391000979398639
-0.00127116001087543 0.000897284400119785 390.592677377374 -0.391000979398639
-0.000171193700617425 0 129.238562127563 0
0.0167649738613639 -0.00373537020865768 130.284324739302 0.702585271944284
0.0167649738613639 0.00373537020865768 130.284324739302 -0.702585271944284
-195.581288808021 174.483793605383 385.788485692413 5.30890536482768
-195.581288808021 -174.483793605383 385.788485692413 -5.30890536482768
-0.000311525507144427 0.000259354432083578 388.519583035949 0.324608671072942
-0.000311525507144427 -0.000259354432083578 388.519583035949 -0.324608671072942
0.000789109308615722 0.0143014255670517 387.595821588787 0.514115519116045
0.000789109308615722 -0.0143014255670517 387.595821588787 -0.514115519116045
3.5049707657922 -8.10725006210337 386.165340578657 2.06419942165936
3.5049707657922 8.10725006210337 386.165340578657 -2.06419942165936
0.00396954530657681 0.00194720316207541 386.147182363949 0.369988933687231
0.00396954530657681 -0.00194720316207541 386.147182363949 -0.369988933687231
-4.57713983896355e-05 -4.51172451192353e-05 131.555405995047 0.553060781828991
-4.57713983896355e-05 4.51172451192353e-05 131.555405995047 -0.553060781828991
9.65150464032553 -4.0837817283202 135.25300192916 5.08822438181295
9.65150464032553 4.0837817283202 135.25300192916 -5.08822438181295
-0.00264201849846822 0.0137144154777639 133.56532726785 1.26190344967705
-0.00264201849846822 -0.0137144154777639 133.56532726785 -1.26190344967705
-7.22638240120702e-05 0.00025292600478467 133.602703571491 0.451008396523457
-7.22638240120702e-05 -0.00025292600478467 133.602703571491 -0.451008396523457
-5.98995776934589e-05 0 384.941608810919 0
-0.013093429821901 -0.0130801754691356 384.071587658044 0.367779685025346
-0.013093429821901 0.0130801754691356 384.071587658044 -0.367779685025346
216.068393532903 -1680.40867786002 370.285765491481 15.0086429767815
216.068393532903 1680.40867786002 370.285765491481 -15.0086429767815
-0.30187043741233 -0.100779416151111 382.808250856694 0.63218561473407
-0.30187043741233 0.100779416151111 382.808250856694 -0.63218561473407
-7.07247351157772 -1.33935507927266 381.471580571857 2.22931607710421
-7.07247351157772 1.33935507927266 381.471580571857 -2.22931607710421
-9.17315478289023e-05 0 381.167752371059 0
-0.0079761041397145 0.00577081328537801 381.007722253924 0.421977234734588
-0.0079761041397145 -0.00577081328537801 381.007722253924 -0.421977234734588
0.000116182532668993 -0.00595032177263774 136.173226238187 1.14852637566493
0.000116182532668993 0.00595032177263774 136.173226238187 -1.14852637566493
-1.1704090000244e-05 -0.000136908985232237 136.180024307903 0.428371895570415
-1.1704090000244e-05 0.000136908985232237 136.180024307903 -0.428371895570415
18.2995734302297 -21.1484166831661 140.715552678766 6.70466596720829
18.2995734302297 21.1484166831661 140.715552678766 -6.70466596720829
-36.4687544401106 -89.3518303059831 148.718894835813 14.0576313714634
-36.4687544401106 89.3518303059831 148.718894835813 -14.0576313714634
-3.01666146373173e-05 0 379.091534127353 0
-0.0330728936926852 0.00773024553017103 378.146953894933 0.609371695016247
-0.0330728936926852 -0.00773024553017103 378.146953894933 -0.609371695016247
0.492141927333733 1.08826498388786 377.798114364662 1.2633894720904
0.492141927333733 -1.08826498388786 377.798114364662 -1.2633894720904
64.5419527067617 555.405577515438 373.590760403207 6.01080005387384
64.5419527067617 -555.405577515438 373.590760403207 -6.01080005387384
-0.00993828741497895 -0.00467349050255514 376.755952665855 0.478376194036024
-0.00993828741497895 0.00467349050255514 376.755952665855 -0.478376194036024
0.00137031682544696 0.00593877479782944 138.790541672856 1.19603753566906
0.00137031682544696 -0.00593877479782944 138.790541672856 -1.19603753566906
4.83772050191236e-05 0.000102198364671081 138.756085311914 0.425660661973581
4.83772050191236e-05 -0.000102198364671081 138.756085311914 -0.425660661973581
-0.00386976126866163 0.00144171878323272 374.725301738911 0.349497790800058
-0.00386976126866163 -0.00144171878323272 374.725301738911 -0.349497790800058
-2.60998434330988 -5.62106150720691 373.876569344948 1.94796250727813
-2.60998434330988 5.62106150720691 373.876569344948 -1.94796250727813
-0.0378469778904118 0.000559949798008877 141.603533034458 1.71821074484792
-0.0378469778904118 -0.000559949798008877 141.603533034458 -1.71821074484792
-0.000399049214753392 -0.000657933864920414 141.128268438062 0.631257295197972
-0.000399049214753392 0.000657933864920414 141.128268438062 -0.631257295197972
-1.96288041571031e-06 0 141.082194224841 0
0.000119723247670581 0 373.517362392262 0
0.000131855960703855 -0.00057830120833407 143.186225151651 0.720726273704346
0.000131855960703855 0.00057830120833407 143.186225151651 -0.720726273704346
1.47628956336708e-06 0 143.649364544474 0
5.72837929175529e-07 0 143.83407074118 0
-1.51490919485727e-05 2.56142589543697e-05 145.271840268581 0.570942047832409
-1.51490919485727e-05 -2.56142589543697e-05 145.271840268581 -0.570942047832409
-3.96463195986293e-05 0 372.441217435214 0
-2.20688920590853 1.57869328281729 370.733210451712 1.30529819248378
-2.20688920590853 -1.57869328281729 370.733210451712 -1.30529819248378
-0.0730903589763402 0.0126140559408891 370.739954627941 0.597218478512981
-0.0730903589763402 -0.0126140559408891 370.739954627941 -0.597218478512981
-0.0591249481726355 -0.116190991910992 369.638399506262 0.69580028433911
-0.0591249481726355 0.116190991910992 369.638399506262 -0.69580028433911
0.0236450348451603 -0.00604036305892975 147.907413838298 1.69403298254484
0.0236450348451603 0.00604036305892975 147.907413838298 -1.69403298254484
0.000165547767034075 -4.15918042892449e-05 147.540698703513 0.467997690947109
0.000165547767034075 4.15918042892449e-05 147.540698703513 -0.467997690947109
0.000458498182395989 -0.000345952929908676 148.111697888972 0.635000161166069
0.000458498182395989 0.000345952929908676 148.111697888972 -0.635000161166069
0.000357033749762631 0 368.528355135658 0
1.23943321695882 0.405973269564376 367.66253939871 0.905032149399333
1.23943321695882 -0.405973269564376 367.66253939871 -0.905032149399333
0.00359700255155144 0.00114973417726786 366.928639636694 0.269127514784109
0.00359700255155144 -0.00114973417726786 366.928639636694 -0.269127514784109
-24.6794596460395 9.31653790393042 365.796640603342 2.35748962555113
-24.6794596460395 -9.31653790393042 365.796640603342 -2.35748962555113
-0.000114354580253551 0 365.013133186337 0
-19.416473741475 -2.93617615477246 364.013734311905 2.07585146481368
-19.416473741475 2.93617615477246 364.013734311905 -2.07585146481368
-0.0825896282338515 -0.534966122852785 363.959729053123 0.736649363479633
-0.0825896282338515 0.534966122852785 363.959729053123 -0.736649363479633
45.5366118439277 -41.6893866103201 156.509689696593 7.56994226458063
45.5366118439277 41.6893866103201 156.509689696593 -7.56994226458063
0.000169078509068398 0.000109112659227066 151.694950837018 0.352341063533022
0.000169078509068398 -0.000109112659227066 151.694950837018 -0.352341063533022
0.0112459671162194 0.0019687932804125 151.942137749405 1.00659402616124
0.0112459671162194 -0.0019687932804125 151.942137749405 -1.00659402616124
0.301290166258344 -1.09769225219481 153.39133350018 2.54758532011783
0.301290166258344 1.09769225219481 153.39133350018 -2.54758532011783
0.000155879947425222 -0.000583399946167927 153.519165562509 0.472568623024251
0.000155879947425222 0.000583399946167927 153.519165562509 -0.472568623024251
0.000432434070291152 0 362.747497770851 0
0.972750670823983 0.874010562076613 361.919397011302 0.926208205359549
0.972750670823983 -0.874010562076613 361.919397011302 -0.926208205359549
-0.000336815847388556 0 361.048251707022 0
-17.6372139656908 14.6326689167571 359.511695830412 2.26669182590545
-17.6372139656908 -14.6326689167571 359.511695830412 -2.26669182590545
-0.0255587694706414 -0.0124247782305487 359.977189977016 0.551600063997968
-0.0255587694706414 0.0124247782305487 359.977189977016 -0.551600063997968
-0.00038622550560197 0.000852937123325351 155.048320331319 0.596021978084536
-0.00038622550560197 -0.000852937123325351 155.048320331319 -0.596021978084536
4.14078663811415 6.22627909605563 358.569891254338 1.66542822570566
4.14078663811415 -6.22627909605563 358.569891254338 -1.66542822570566
-0.0249390523452949 0.0244326754280435 357.996724033812 0.446522303575488
-0.0249390523452949 -0.0244326754280435 357.996724033812 -0.446522303575488
-3.23663399995263e-05 0 357.190175016267 0
-122.090987582921 114.151782436897 353.537814535873 4.18659739548494
-122.090987582921 -114.151782436897 353.537814535873 -4.18659739548494
-0.0409195030173541 -0.0235988184226477 355.860272260361 0.526534769423688
-0.0409195030173541 0.0235988184226477 355.860272260361 -0.526534769423688
-1.39785217511169 1.38891335572162 355.336014397579 1.15770723431472
-1.39785217511169 -1.38891335572162 355.336014397579 -1.15770723431472
3.06336656213278e-06 0 156.90133077579 0
-5.60622557112079e-05 -0.000806082566323131 157.434010542562 0.544320624801268
-5.60622557112079e-05 0.000806082566323131 157.434010542562 -0.544320624801268
0.00343198701730124 -0.002815138680452 157.827386191331 0.731027818546975
0.00343198701730124 0.002815138680452 157.827386191331 -0.731027818546975
0.00240480550008538 0.00382805073792526 353.879605003864 0.303065893784361
0.00240480550008538 -0.00382805073792526 353.879605003864 -0.303065893784361
0.183488614087432 -0.279538031503103 352.860561213125 1.20861221342648
0.183488614087432 0.279538031503103 352.860561213125 -1.20861221342648
0.00451052534036237 -0.00157152300815347 159.450985420187 0.647097980423393
0.00451052534036237 0.00157152300815347 159.450985420187 -0.647097980423393
0.0235149458511002 -0.0481703669849184 160.193558207978 1.10734389104951
0.0235149458511002 0.0481703669849184 160.193558207978 -1.10734389104951
-2.6150307966591 -5.30439578285723 161.97488634484 3.33743709662331
-2.6150307966591 5.30439578285723 161.97488634484 -3.33743709662331
0.00203831462780671 -0.0077069982951291 351.439103353049 0.48940352844918
0.00203831462780671 0.0077069982951291 351.439103353049 -0.48940352844918
-0.00367228721076531 -0.0121685588201544 350.333536918753 0.539176835228003
-0.00367228721076531 0.0121685588201544 350.333536918753 -0.539176835228003
-3.50072228804246e-06 0 161.166260166312 0
0.000432964350612111 -0.00149209700162542 161.873801469251 0.51416636095784
0.000432964350612111 0.00149209700162542 161.873801469251 -0.51416636095784
0.240562660619027 0.236748952792816 349.072959722803 0.920178430930317
0.240562660619027 -0.236748952792816 349.072959722803 -0.920178430930317
-45.0957952673637 62.3601062650037 346.09272872816 3.38278556721564
-45.0957952673637 -62.3601062650037 346.09272872816 -3.38278556721564
0.000833158366450466 0 348.035527655196 0
-0.0977803847235505 1.32652657109614 347.411312207674 0.913651635508238
-0.0977803847235505 -1.32652657109614 347.411312207674 -0.913651635508238
0.00381290392902646 0.00931704191302894 346.35973579164 0.432050294778868
0.00381290392902646 -0.00931704191302894 346.35973579164 -0.432050294778868
0.0178431020197955 -0.0154726209341148 344.320140272817 0.57109758544518
0.0178431020197955 0.0154726209341148 344.320140272817 -0.57109758544518
0.889444573562478 0.173575937536929 343.040019653531 1.26788136123646
0.889444573562478 -0.173575937536929 343.040019653531 -1.26788136123646
0.000148836728621009 0 343.400733363022 0
5.83371398456407e-05 0 342.301114487346 0
-2.30246166949548 49.8118003791607 340.148653286774 3.19183080311566
-2.30246166949548 -49.8118003791607 340.148653286774 -3.19183080311566
-0.0029239319003537 -0.0128402080025751 341.563367571981 0.495593346186555
-0.0029239319003537 0.0128402080025751 341.563367571981 -0.495593346186555
-0.0431389467960969 0.0756013651595473 340.49000062983 0.706046168132384
-0.0431389467960969 -0.0756013651595473 340.49000062983 -0.706046168132384
0.000179776518107417 0.00068598127448936 163.498475000142 0.483853125748563
0.000179776518107417 -0.00068598127448936 163.498475000142 -0.483853125748563
5.40617050197046e-05 0 339.081345747202 0
-0.0833316512095297 -0.00712123572696205 337.729874455038 0.93349733055541
-0.0833316512095297 0.00712123572696205 337.729874455038 -0.93349733055541
-1.93336149633196e-05 0 337.68955900648 0
-4.49251701172599 -9.94988885349864 335.590298917174 3.36799116001011
-4.49251701172599 9.94988885349864 335.590298917174 -3.36799116001011
-567.178722629756 -1338.98143448486 261.235710489196 34.2519092035365
-567.178722629756 1338.98143448486 261.235710489196 -34.2519092035365
-1.18280244830158e-05 0 336.424247138685 0
-0.000161179487398509 -0.0290993507661758 335.513959922424 0.845063665751039
-0.000161179487398509 0.0290993507661758 335.513959922424 -0.845063665751039
-4.67336536587953e-05 0 335.582966339585 0
-8.92326344167034e-06 0 334.073420209914 0
0.0120772143356253 -0.00378713723038137 333.183347683548 0.572102240375646
0.0120772143356253 0.00378713723038137 333.183347683548 -0.572102240375646
-1.01406065976919 0.665904285567294 331.909632581291 1.2492238213036
-1.01406065976919 -0.665904285567294 331.909632581291 -1.2492238213036
-1.62247310673576e-05 0 332.213312645165 0
-36.6127742991217 -9.47664646994339 329.47700876509 2.94110443713395
-36.6127742991217 9.47664646994339 329.47700876509 -2.94110443713395
-0.000801339486914976 0.00230667533171209 330.351266644258 0.307109113466016
-0.000801339486914976 -0.00230667533171209 330.351266644258 -0.307109113466016
0.0118299856964252 0.0286019480805121 329.109803967632 0.755025063726086
0.0118299856964252 -0.0286019480805121 329.109803967632 -0.755025063726086
-5.67498781311415 6.63931673198253 328.186254993362 2.32251837569704
-5.67498781311415 -6.63931673198253 328.186254993362 -2.32251837569704
0.0103932254987227 0.0297958407652764 165.120624083546 1.07552452391882
0.0103932254987227 -0.0297958407652764 165.120624083546 -1.07552452391882
1.05638207068102e-05 0 165.049149176517 0
-0.00698573801226025 -0.0104253732088056 166.621543215392 0.501031164430641
-0.00698573801226025 0.0104253732088056 166.621543215392 -0.501031164430641
-0.0627514504059516 0.03488365538871 167.312985474177 0.807990330417936
-0.0627514504059516 -0.03488365538871 167.312985474177 -0.807990330417936
-95.1744211694913 -141.796663371617 173.088491098607 5.18306597653676
-95.1744211694913 141.796663371617 173.088491098607 -5.18306597653676
-6.424750034305e-05 0 168.835937936166 0
0.222252223842826 -0.273740658069345 169.500830672713 1.10568997348554
0.222252223842826 0.273740658069345 169.500830672713 -1.10568997348554
0.000120216100841802 0 169.457261529489 0
404.736045102368 -563.004119272604 182.075697046407 11.298638318127
404.736045102368 563.004119272604 182.075697046407 -11.298638318127
0.0899266215853638 -0.184656098438897 170.764060304696 0.768590250708358
0.0899266215853638 0.184656098438897 170.764060304696 -0.768590250708358
-0.000303329319410238 0 170.906008381841 0
-0.0166627048039535 -0.0208848395888499 172.379405487994 0.669647562545097
-0.0166627048039535 0.0208848395888499 172.379405487994 -0.669647562545097
-9.26143406285962e-06 0 173.227824099354 0
-0.0855382106469636 0.650669625110839 174.035418411274 1.11497788730437
-0.0855382106469636 -0.650669625110839 174.035418411274 -1.11497788730437
-0.000137673721299053 -0.00360689728919881 327.261825532808 0.460890715340156
-0.000137673721299053 0.00360689728919881 327.261825532808 -0.460890715340156
0.000133890234890992 0.00281515046098096 325.715536351743 0.482735425370034
0.000133890234890992 -0.00281515046098096 325.715536351743 -0.482735425370034
6.81623033612679 -3.40998807256888 323.494920835755 2.61855740027538
6.81623033612679 3.40998807256888 323.494920835755 -2.61855740027538
-0.00656196830226091 0.0227557621454227 324.22106689118 0.808853466048253
-0.00656196830226091 -0.0227557621454227 324.22106689118 -0.808853466048253
0.0298213561009839 -0.00723672383095497 175.090594650491 0.456523421994891
0.0298213561009839 0.00723672383095497 175.090594650491 -0.456523421994891
-0.0592025528258981 0.358613930366622 176.060141586825 0.883830367406319
-0.0592025528258981 -0.358613930366622 176.060141586825 -0.883830367406319
-0.00016193488715676 0 176.278524611726 0
9.14872144095679e-05 0 176.775632417326 0
-1.42669246490293e-05 0 323.753722709132 0
0.00627779082299137 0.00878507971718609 322.487416386734 0.600063140842529
0.00627779082299137 -0.00878507971718609 322.487416386734 -0.600063140842529
-0.0340813961225172 0.06091317016298 179.21959167421 0.587009973571844
-0.0340813961225172 -0.06091317016298 179.21959167421 -0.587009973571844
0.616504051406379 -0.632537945612622 179.563225391222 1.0304414566868
0.616504051406379 0.632537945612622 179.563225391222 -1.0304414566868
0.261555157351537 -0.158347749018856 180.560565344031 0.653965969250457
0.261555157351537 0.158347749018856 180.560565344031 -0.653965969250457
1.85026025697465 -2.68702264675094 181.74850572292 2.33370874319955
1.85026025697465 2.68702264675094 181.74850572292 -2.33370874319955
0.000692624962982454 0.0012883811270751 320.91443017718 0.550559371583109
0.000692624962982454 -0.0012883811270751 320.91443017718 -0.550559371583109
-0.325292360687138 -0.0158999764771739 319.614890287024 1.34842439296749
-0.325292360687138 0.0158999764771739 319.614890287024 -1.34842439296749
1.61911943449746e-05 0 319.545059450776 0
-0.00138398222745417 -0.00015276641811046 318.718422533735 0.360965886687156
-0.00138398222745417 0.00015276641811046 318.718422533735 -0.360965886687156
-0.311309359564425 -0.579915867695092 317.448844966945 1.25112552388329
-0.311309359564425 0.579915867695092 317.448844966945 -1.25112552388329
-27.5687284131902 54.9243945567643 314.117746081222 5.00433357055826
-27.5687284131902 -54.9243945567643 314.117746081222 -5.00433357055826
-3.43090111734855e-06 0 316.99070248045 0
0.0638901704262205 0.00865960594824147 316.076201967397 0.866048897868259
0.0638901704262205 -0.00865960594824147 316.076201967397 -0.866048897868259
6.43265398427954e-05 0 315.910571118882 0
0.00379695299438091 -0.00044604155507482 182.243381271606 0.458702537819927
0.00379695299438091 0.00044604155507482 182.243381271606 -0.458702537819927
-0.0023677097273601 0.00323654810926261 183.479017771052 0.785429544998161
-0.0023677097273601 -0.00323654810926261 183.479017771052 -0.785429544998161
0.198399539434838 -0.0886075541750396 185.432326687118 1.46033854234924
0.198399539434838 0.0886075541750396 185.432326687118 -1.46033854234924
1.77166762814684e-05 0 184.849342220724 0
0.00101663175007137 8.73132471685641e-05 185.722855848477 0.378880079555535
0.00101663175007137 -8.73132471685641e-05 185.722855848477 -0.378880079555535
-0.00116425301371135 0.0213612136054145 313.984403507724 0.836477071038543
-0.00116425301371135 -0.0213612136054145 313.984403507724 -0.836477071038543
-2.39948094266267e-05 0 313.826359569538 0
-0.00324523160322848 -0.000932643886978901 187.850042374525 0.593301375025529
-0.00324523160322848 0.000932643886978901 187.850042374525 -0.593301375025529
0.00787623124992943 -0.00613281337218537 189.064432987062 0.520705409726653
0.00787623124992943 0.00613281337218537 189.064432987062 -0.520705409726653
-0.250366026320297 -0.36786690407967 189.911754018999 0.993579926262349
-0.250366026320297 0.36786690407967 189.911754018999 -0.993579926262349
0.00400776316886433 -0.00205378355041054 311.905322989797 0.616523414332083
0.00400776316886433 0.00205378355041054 311.905322989797 -0.616523414332083
-0.0174565446789332 0.0167133997637617 310.807789135672 0.912725730888155
-0.0174565446789332 -0.0167133997637617 310.807789135672 -0.912725730888155
0.0515278712027099 -0.821144175042973 309.383085502648 1.71702041663326
0.0515278712027099 0.821144175042973 309.383085502648 -1.71702041663326
0.00192221785030694 0.000818873661439469 309.279309836311 0.415348495998266
0.00192221785030694 -0.000818873661439469 309.279309836311 -0.415348495998266
-0.00853373522334302 -0.0239863885014936 190.806200025712 0.498009532638393
-0.00853373522334302 0.0239863885014936 190.806200025712 -0.498009532638393
-15.3073766075071 -54.2325252304888 192.616406719998 2.23761698490116
-15.3073766075071 54.2325252304888 192.616406719998 -2.23761698490116
2.69062688557242 2.31255224718779 192.257732262899 1.17297512565015
2.69062688557242 -2.31255224718779 192.257732262899 -1.17297512565015
4.08680315287207e-05 0 308.39514649849 0
-2.41951656265279e-05 0 307.822478150749 0
0.0109372347859774 -0.0293904158934369 307.184437599695 0.977844768270319
0.0109372347859774 0.0293904158934369 307.184437599695 -0.977844768270319
1.28780923789138 64.4359381362606 303.111711688709 4.25005650282145
1.28780923789138 -64.4359381362606 303.111711688709 -4.25005650282145
0.00110248707080281 -0.00825268014739722 305.604468395848 0.640199256641728
0.00110248707080281 0.00825268014739722 305.604468395848 -0.640199256641728
0.000794217391895464 0 192.671517485513 0
0.0533189484005582 -0.0318940455040591 193.469855568935 0.0978971772168718
0.0533189484005582 0.0318940455040591 193.469855568935 -0.0978971772168718
-0.213619159647974 -0.192205974779597 194.538808737369 0.663726401717696
-0.213619159647974 0.192205974779597 194.538808737369 -0.663726401717696
-0.000121251940448786 0 195.266301801727 0
-70.6968980480591 -155.916103734367 199.226603776206 4.7027143933469
-70.6968980480591 155.916103734367 199.226603776206 -4.7027143933469
0.000751933447906051 3.66013683034885e-05 197.011895772774 0.25140004738562
0.000751933447906051 -3.66013683034885e-05 197.011895772774 -0.25140004738562
-0.115803744573228 0.346759210035827 197.824150873969 0.891667601472049
-0.115803744573228 -0.346759210035827 197.824150873969 -0.891667601472049
-0.163828637222857 -0.144662413829741 199.367260309373 0.52274604236821
-0.163828637222857 0.144662413829741 199.367260309373 -0.52274604236821
99.1109582172137 12.1090129482125 205.306507093929 6.18201529643903
99.1109582172137 -12.1090129482125 205.306507093929 -6.18201529643903
-0.644389783180101 6.36576233373198 200.58466945551 1.41592138324023
-0.644389783180101 -6.36576233373198 200.58466945551 -1.41592138324023
0.00131509843464484 0 200.483656082299 0
0.00397642868676496 0 201.871285391479 0
0.00354730648766492 0 202.053749537561 0
-0.000198863960559099 0 202.953903133227 0
-0.0397364995663139 -0.0496724390196967 203.133051724678 0.570878347417713
-0.0397364995663139 0.0496724390196967 203.133051724678 -0.570878347417713
-0.000153202389560493 0 304.071543018407 0
-0.000362406073393309 0 303.895762744126 0
0.276335322489676 -0.293985725770718 303.121589697538 0.977237947519745
0.276335322489676 0.293985725770718 303.121589697538 -0.977237947519745
0.0171054259015413 -0.016444897956708 302.805952788145 0.483956391028244
0.0171054259015413 0.016444897956708 302.805952788145 -0.483956391028244
0.675676396560246 -0.0382428446207874 300.447003796144 1.24631119546391
0.675676396560246 0.0382428446207874 300.447003796144 -1.24631119546391
0.000680221963335704 0.00116332955335958 300.688030609701 0.206727645282881
0.000680221963335704 -0.00116332955335958 300.688030609701 -0.206727645282881
0.00144790187554816 0.00130581869587852 205.341847142694 0.507757220902591
0.00144790187554816 -0.00130581869587852 205.341847142694 -0.507757220902591
0.217262559139981 -0.253264972728077 206.311454387146 1.53419521357987
0.217262559139981 0.253264972728077 206.311454387146 -1.53419521357987
0.00109098399709614 -0.000981792912080972 206.537181624767 0.400802961871871
0.00109098399709614 0.000981792912080972 206.537181624767 -0.400802961871871
-7.87221175539713e-05 0 298.893292845643 0
-9.00227470854274e-05 0 298.601185611497 0
0.0117081546686563 -0.0407144169271767 297.581213977945 0.600207054841212
0.0117081546686563 0.0407144169271767 297.581213977945 -0.600207054841212
-0.375753039718703 54.7858545549808 295.837780591346 2.68496164693314
-0.375753039718703 -54.7858545549808 295.837780591346 -2.68496164693314
-0.00971671772442733 -0.0312690151203783 295.999871527274 0.350718397887608
-0.00971671772442733 0.0312690151203783 295.999871527274 -0.350718397887608
1.01989934074848 -0.887149220894425 295.502459502648 1.10851487502718
1.01989934074848 0.887149220894425 295.502459502648 -1.10851487502718
0.000361630780401221 -0.00135096044858895 208.550860079821 0.686807834997686
0.000361630780401221 0.00135096044858895 208.550860079821 -0.686807834997686
1.33917693768249e-07 0 208.922435099113 0
1.97165175532899e-07 0 209.813136605655 0
-4.95548009589354 -1.93124118239733 212.454208921535 3.50857785268668
-4.95548009589354 1.93124118239733 212.454208921535 -3.50857785268668
6.43541848976221e-08 0 210.703373438769 0
-0.0477746161991478 -0.000783418014613245 212.21128450916 1.03823213573465
-0.0477746161991478 0.000783418014613245 212.21128450916 -1.03823213573465
-0.000259528860058718 0.000578721371791711 211.989227633243 0.321344627262094
-0.000259528860058718 -0.000578721371791711 211.989227633243 -0.321344627262094
0.00656582804965511 -0.00433608159352476 214.392160234113 0.873102369925323
0.00656582804965511 0.00433608159352476 214.392160234113 -0.873102369925323
9.36052094951743e-06 0 214.468357162755 0
17.6565767846611 5.57212382054802 218.253866773524 4.3053636973814
17.6565767846611 -5.57212382054802 218.253866773524 -4.3053636973814
0.541599486096098 0.801631864757579 216.229859430884 2.07559492787683
0.541599486096098 -0.801631864757579 216.229859430884 -2.07559492787683
0.000246816072373618 0.0035188030743559 216.036203246698 0.551042882501885
0.000246816072373618 -0.0035188030743559 216.036203246698 -0.551042882501885
-0.0889415432286989 -0.348306672947226 293.926415152954 0.337932011475153
-0.0889415432286989 0.348306672947226 293.926415152954 -0.337932011475153
-2.01209409298859 -2.38230222761937 293.379866459554 0.878597103813026
-2.01209409298859 2.38230222761937 293.379866459554 -0.878597103813026
0.430901988420228 0.337185992309902 292.202406354765 0.781594491852584
0.430901988420228 -0.337185992309902 292.202406354765 -0.781594491852584
-0.000670944899747642 -0.00347979927743983 217.80989875107 0.73808187392564
-0.000670944899747642 0.00347979927743983 217.80989875107 -0.73808187392564
0.130689857865034 0.0588316485138235 219.393368590131 1.29567715370469
0.130689857865034 -0.0588316485138235 219.393368590131 -1.29567715370469
-1.89881678657974e-05 0 219.226016005283 0
0.00150244629601994 0.000865319889109649 219.872298406678 0.415729770145314
0.00150244629601994 -0.000865319889109649 219.872298406678 -0.415729770145314
8.5292941632695e-05 0 291.548985695353 0
0.0174689868710409 -0.048247366793451 290.083492298561 0.709258024937433
0.0174689868710409 0.048247366793451 290.083492298561 -0.709258024937433
12.8140182476431 14.9108099772033 288.503747447608 2.6654616981492
12.8140182476431 -14.9108099772033 288.503747447608 -2.6654616981492
-4.20115697102731e-06 0 289.04147068406 0
0.00896094465144372 0.12633348692346 288.196568074685 0.762444466620595
0.00896094465144372 -0.12633348692346 288.196568074685 -0.762444466620595
385.78784021466 -291.444885073601 280.032537518505 6.67796427448247
385.78784021466 291.444885073601 280.032537518505 -6.67796427448247
-0.0467739636053402 0.0342386034861781 286.407014962507 0.40210931491477
-0.0467739636053402 -0.0342386034861781 286.407014962507 -0.40210931491477
-0.343680133939523 0.280622291066081 285.996655070187 0.828740871916648
-0.343680133939523 -0.280622291066081 285.996655070187 -0.828740871916648
0.0815269048823783 0.0106611922548351 285.05292568696 0.623045467241124
0.0815269048823783 -0.0106611922548351 285.05292568696 -0.623045467241124
0.0488409869350138 0.0227629338261705 283.588608896879 0.538702972917632
0.0488409869350138 -0.0227629338261705 283.588608896879 -0.538702972917632
0.0450291716808098 0.143510201438883 282.1159434496 0.555596873244469
0.0450291716808098 -0.143510201438883 282.1159434496 -0.555596873244469
1.24405790503436 -1.77188947183096 281.67916192446 1.28734311031025
1.24405790503436 1.77188947183096 281.67916192446 -1.28734311031025
7.16485397312256e-05 -0.000153250407568094 222.759201245127 0.384337287040006
7.16485397312256e-05 0.000153250407568094 222.759201245127 -0.384337287040006
-0.00266834015251471 -0.0232460010693192 223.579296278672 1.13448670169925
-0.00266834015251471 0.0232460010693192 223.579296278672 -1.13448670169925
1.0589647943039e-05 0 223.526716704147 0
2.69215303218987e-05 0 225.215790943041 0
-3.13715710309347e-05 0 225.331847635011 0
0.211971479366674 -0.145011119996342 226.038907677057 1.50418716319128
0.211971479366674 0.145011119996342 226.038907677057 -1.50418716319128
0.0407434128582813 -0.224579694708979 279.892893784873 0.41278247482482
0.0407434128582813 0.224579694708979 279.892893784873 -0.41278247482482
0.016964736487554 -0.631379089803337 279.367808835568 0.483600324216958
0.016964736487554 0.631379089803337 279.367808835568 -0.483600324216958
-43.5673876939818 3.5014404077524 276.908193317365 3.11934137990673
-43.5673876939818 -3.5014404077524 276.908193317365 -3.11934137990673
-3.46097140230685e-05 0 226.524829022278 0
0.348856613556679 -0.708583166779664 227.425860669741 1.41377803694761
0.348856613556679 0.708583166779664 227.425860669741 -1.41377803694761
123.183752318426 -160.115208863546 233.845472851849 5.34174098962318
123.183752318426 160.115208863546 233.845472851849 -5.34174098962318
0.00250074111451151 0.00513737306558967 229.106644965317 0.374266862685658
0.00250074111451151 -0.00513737306558967 229.106644965317 -0.374266862685658
-3.63848336239634 -0.35900917262218 229.818431201427 1.48747452185618
-3.63848336239634 0.35900917262218 229.818431201427 -1.48747452185618
-0.17745768572411 -0.0859463877395456 277.58101907971 0.687783434684788
-0.17745768572411 0.0859463877395456 277.58101907971 -0.687783434684788
0.000146272518206445 0 277.51422594481 0
0.0240594959591941 0.0652449400014708 275.366685250106 0.729028223861586
0.0240594959591941 -0.0652449400014708 275.366685250106 -0.729028223861586
0.000298639581430176 0 275.701139186757 0
0.000147420344588092 0 276.016099779666 0
-0.16729209305484 0.0828533479431217 230.511604313554 0.752709906663471
-0.16729209305484 -0.0828533479431217 230.511604313554 -0.752709906663471
0.00072315647805739 7.98152348385295e-05 273.775931597899 0.422129303562642
0.00072315647805739 -7.98152348385295e-05 273.775931597899 -0.422129303562642
-0.000248349660241875 0 230.963211759371 0
0.442085641292669 0.09531434235816 232.122365368093 0.54133209749009
0.442085641292669 -0.09531434235816 232.122365368093 -0.54133209749009
0.303398889896457 0.0203129594808312 232.884649265319 0.446204637111833
0.303398889896457 -0.0203129594808312 232.884649265319 -0.446204637111833
-39.1035803205199 13.527792036227 269.579291774915 3.68431239050276
-39.1035803205199 -13.527792036227 269.579291774915 -3.68431239050276
-3.59830368131294e-06 0 271.938445062451 0
0.0138197755008699 0.00164409121346079 271.347266122421 0.799479037555435
0.0138197755008699 -0.00164409121346079 271.347266122421 -0.799479037555435
0.000183866551370646 0 270.053800264318 0
-0.0945574391882552 -0.293452699916208 269.866913392461 0.63238862300317
-0.0945574391882552 0.293452699916208 269.866913392461 -0.63238862300317
0.000125472528724571 0 269.080536855488 0
-0.0891299151643389 0.0302847494303047 268.651399312099 0.638257679086072
-0.0891299151643389 -0.0302847494303047 268.651399312099 -0.638257679086072
-0.000244281291644117 0 233.586593201616 0
3.01330486676863e-05 0 234.599509620494 0
0.00565754638244166 -0.00602049774130927 235.500453057381 0.521530139397996
0.00565754638244166 0.00602049774130927 235.500453057381 -0.521530139397996
0.00146165004244971 0.00308729814944577 237.006737513013 0.371174720792039
0.00146165004244971 -0.00308729814944577 237.006737513013 -0.371174720792039
1.52651134500581 -0.97758970945844 237.605073450434 1.42987069303471
1.52651134500581 0.97758970945844 237.605073450434 -1.42987069303471
1.04975002760298 -0.103451135895963 238.419996819451 1.35870126864775
1.04975002760298 0.103451135895963 238.419996819451 -1.35870126864775
-5.71092836397529 2.92439977896802 266.230597822911 2.19425128919744
-5.71092836397529 -2.92439977896802 266.230597822911 -2.19425128919744
-0.0286369337267692 0.0195152598250181 266.429553527092 0.50335599965486
-0.0286369337267692 -0.0195152598250181 266.429553527092 -0.50335599965486
7.95963183413615 4.90358303468488 262.383083472701 3.28588794416841
7.95963183413615 -4.90358303468488 262.383083472701 -3.28588794416841
0.000487389518474024 0.00257060370484961 264.997607973371 0.419904532109736
0.000487389518474024 -0.00257060370484961 264.997607973371 -0.419904532109736
1.79925775077419e-06 0 239.370646864984 0
-0.122981056674818 -0.139730328181575 240.200380593724 0.664442820152941
-0.122981056674818 0.139730328181575 240.200380593724 -0.664442820152941
-3.3322400690231 3.16101216986341 241.680308352144 1.89944468818374
-3.3322400690231 -3.16101216986341 241.680308352144 -1.89944468818374
1.13993807244184e-05 0 263.100707741992 0
0.0201175178438221 0.0457324217040901 262.578907376194 0.841648999738032
0.0201175178438221 -0.0457324217040901 262.578907376194 -0.841648999738032
-6.61777936808854e-06 0 262.590942170594 0
0.014099109876755 0.00516863068282293 261.080491441677 0.814076501707351
0.014099109876755 -0.00516863068282293 261.080491441677 -0.814076501707351
7.54518729024543e-06 0 260.861716075945 0
-0.00648702199518532 0.00258887575596152 242.192118655873 0.421437868526715
-0.00648702199518532 -0.00258887575596152 242.192118655873 -0.421437868526715
68.7609238893849 25.857069365489 253.908945064788 3.80165952948616
68.7609238893849 -25.857069365489 253.908945064788 -3.80165952948616
-0.000724766539940162 0.000993223141969948 258.827862457885 0.60291817913804
-0.000724766539940162 -0.000993223141969948 258.827862457885 -0.60291817913804
-1.26676062867636 8.12618364199787 255.303023875508 2.26627821849
-1.26676062867636 -8.12618364199787 255.303023875508 -2.26627821849
0.000163877278686531 4.96470112120367e-05 257.285990763399 0.117375837511077
0.000163877278686531 -4.96470112120367e-05 257.285990763399 -0.117375837511077
-0.00715131519641334 -0.000718928297990261 256.573698825809 0.49162549750173
-0.00715131519641334 0.000718928297990261 256.573698825809 -0.49162549750173
5.39846192164643e-05 0 243.453330677388 0
-20.8343902874115 9.41688258280396 245.459196894199 2.04475873482929
-20.8343902874115 -9.41688258280396 245.459196894199 -2.04475873482929
-0.0143911157861845 0.219336543071076 244.612921032492 0.433298574989741
-0.0143911157861845 -0.219336543071076 244.612921032492 -0.433298574989741
2.00610099634579 -0.880659186203579 245.688894511056 1.00854255079084
2.00610099634579 0.880659186203579 245.688894511056 -1.00854255079084
-0.00485300551947735 -0.00283003535969563 245.810624275407 0.146623542361274
-0.00485300551947735 0.00283003535969563 245.810624275407 -0.146623542361274
-0.0197724302365989 0.00796412729908562 247.277376312101 0.747587445453254
-0.0197724302365989 -0.00796412729908562 247.277376312101 -0.747587445453254
1.72988239004568 -1.66491982272798 248.898076289305 1.82361619128785
1.72988239004568 1.66491982272798 248.898076289305 -1.82361619128785
0.00427165666113438 -0.0103280472598607 249.143689963557 0.508967649454724
0.00427165666113438 0.0103280472598607 249.143689963557 -0.508967649454724
-1.1636605075985e-05 0 255.356169647771 0
0.000903664255017398 0.00699111369308643 250.795969550986 0.67508947531229
0.000903664255017398 -0.00699111369308643 250.795969550986 -0.67508947531229
-0.929809618543854 0.714518243308322 253.667298539574 1.12262924646487
-0.929809618543854 -0.714518243308322 253.667298539574 -1.12262924646487
-3.28578441883038e-05 0 254.325880650128 0
0.000297391209615939 0 253.435345357099 0
0.003065919292717 0.00451784944178844 252.18788535101 0.455477113086066
0.003065919292717 -0.00451784944178844 252.18788535101 -0.455477113086066
