==============================================
 Frequencies [cm^-1]     Coefficients [cm^-1]
==============================================
3.601800900450e+00      8.082217427639e+00
1.020510255128e+01      9.845744911531e+00
2.521260630315e+01      2.611939955868e+01
5.012506253127e+01      3.125080653687e+01
7.803901950975e+01      3.104517466117e+01
1.083541770885e+02      2.748393413512e+01
1.377688844422e+02      2.241953747052e+01
1.674837418709e+02      1.913277479059e+01
1.989994997499e+02      1.522506066602e+01
2.296148074037e+02      1.189757922375e+01
2.602301150575e+02      9.372236188992e+00
2.908454227114e+02      7.251253632362e+00
3.214607303652e+02      5.738627996322e+00
3.550775387694e+02      4.487022837624e+00
3.868934467234e+02      3.152093052454e+00
4.187093546773e+02      2.595607266078e+00
4.514257128564e+02      1.784474783946e+00
4.835417708854e+02      1.493354220798e+00
