1.712355202646e+03  -1.500000000000e+03  5.000000000000e+01  0.000000000000e+00
1.007772949884e+03  -0.000000000000e+00  2.183516223196e+02  0.000000000000e+00
4.838070205748e+02  -0.000000000000e+00  4.367032446393e+02  0.000000000000e+00
3.201752882886e+02  -0.000000000000e+00  6.550548669589e+02  0.000000000000e+00
2.395173688973e+02  -0.000000000000e+00  8.734064893041e+02  0.000000000000e+00
1.913885798455e+02  -0.000000000000e+00  1.091758303199e+03  0.000000000000e+00
1.597713650662e+02  -0.000000000000e+00  1.310214863043e+03  0.000000000000e+00
1.491071310936e+02  -0.000000000000e+00  1.535085331822e+03  0.000000000000e+00
1.909703736842e+02  -0.000000000000e+00  1.824552807407e+03  0.000000000000e+00
2.838835132593e+02  -0.000000000000e+00  2.329253720059e+03  0.000000000000e+00
4.558619325826e+02  -0.000000000000e+00  3.393070901502e+03  0.000000000000e+00
9.445005748428e+02  -0.000000000000e+00  6.673418886524e+03  0.000000000000e+00
