0.0 0.0
0.83085 0.118929149122842
1.93098464232116 0.185609602739201
3.03111928464232 0.242720643622813
4.13125392696348 0.290870983783635
5.23138856928464 0.330295302508888
6.3315232116058 0.361300218788969
7.43165785392696 0.384036910555596
8.53179249624812 0.398328499961811
9.63192713856929 0.403348929940435
10.7320617808904 0.396509303325519
11.8321964232116 0.384241543945435
12.9323310655328 0.371969029009393
14.0324657078539 0.361629725505511
15.1326003501751 0.354345561220252
16.2327349924963 0.350484702863853
17.3328696348174 0.349840499411406
18.4330042771386 0.351844285255509
19.5331389194597 0.355777529128414
20.6332735617809 0.360952830205927
21.7334082041021 0.366836739086345
22.8335428464232 0.373107562083327
23.9336774887444 0.379645178057915
25.0338121310655 0.386470509149008
26.1339467733867 0.393657002698161
27.2340814157079 0.40123688016707
28.334216058029 0.409131488255153
29.4343507003502 0.417118558997777
30.5344853426713 0.424843208289688
31.6346199849925 0.431868972390623
32.7347546273137 0.437748684433392
33.8348892696348 0.442097461600766
34.935023911956 0.444646447724647
36.0351585542771 0.44526861659951
37.1352931965983 0.443974778084838
38.2354278389195 0.440883491562017
39.3355624812406 0.436182567047943
40.4356971235618 0.430094594564659
41.5358317658829 0.422858295896597
42.6359664082041 0.414728766605255
43.7361010505253 0.405995340174405
44.8362356928464 0.39700293418478
45.9363703351676 0.388167821807761
47.0365049774887 0.379975094222974
48.1366396198099 0.372949207430482
49.2367742621311 0.367602047125444
50.3369089044522 0.364363833086454
51.4370435467734 0.363513504546391
52.5371781890946 0.365122317955239
53.6373128314157 0.369020756968064
54.7374474737369 0.374802506713538
55.837582116058 0.381866672108959
56.9377167583792 0.389489141335088
58.0378514007004 0.396918461652836
59.1379860430215 0.403484167247808
60.2381206853427 0.408700736548075
61.3382553276638 0.412351081383917
62.438389969985 0.414531940381362
63.5385246123062 0.415656063638113
64.6386592546273 0.416397243776487
65.7387938969485 0.417582555505277
66.8389285392696 0.420047710645676
67.9390631815908 0.424476150912125
69.039197823912 0.431256275462436
70.1393324662331 0.440381594979513
71.2394671085543 0.451421603232323
72.3396017508754 0.463580557330911
73.4397363931966 0.475825954501067
74.5398710355178 0.487068923063807
75.6400056778389 0.496357374943908
76.7401403201601 0.503035617267051
77.8402749624812 0.506838684937074
78.9404096048024 0.507891370269288
80.0405442471236 0.506625252527244
81.1406788894447 0.503632486388343
82.2408135317659 0.499493669057268
83.340948174087 0.494630360711509
84.4410828164082 0.489218206508329
85.5412174587294 0.483184409079693
86.6413521010505 0.476283752275926
87.7414867433717 0.468233902672913
88.8416213856928 0.458869106728608
89.941756028014 0.448274518286039
91.0418906703352 0.436848746090764
92.1420253126563 0.425324744711382
93.2421599549775 0.414687411191213
94.3422945972987 0.406020797378794
95.4424292396198 0.400365592302351
96.542563881941 0.39855619969161
97.6426985242621 0.401081318429644
98.7428331665833 0.408015070993502
99.8429678089045 0.419007305412139
100.943102451226 0.433315277824214
102.043237093547 0.449886014178597
103.143371735868 0.467476489385547
104.243506378189 0.484806569386464
105.34364102051 0.500686805430582
106.443775662831 0.514144564869857
107.543910305153 0.524538632102479
108.644044947474 0.531620556161064
109.744179589795 0.535546411437934
110.844314232116 0.536855449782284
111.944448874437 0.536421377968002
113.044583516758 0.535342011546684
114.14471815908 0.53478592087925
115.244852801401 0.535862425599781
116.344987443722 0.539454894305568
117.445122086043 0.546085064708788
118.545256728364 0.555818655958146
119.645391370685 0.568222563199672
120.745526013007 0.582365256452095
121.845660655328 0.596880708191894
122.945795297649 0.610116645241621
124.04592993997 0.620346439491793
125.146064582291 0.625960851667026
126.246199224612 0.625711196658061
127.346333866933 0.618895998063836
128.446468509255 0.605473037393948
129.546603151576 0.586082113533149
130.646737793897 0.561996297995028
131.746872436218 0.534996595639021
132.847007078539 0.507136549633105
133.94714172086 0.480472356239761
135.047276363182 0.456875455723012
136.147411005503 0.437775451903531
137.247545647824 0.424031538598879
138.347680290145 0.415889157547703
139.447814932466 0.413014400444792
140.547949574787 0.414583040964892
141.648084217109 0.419409661476432
142.74821885943 0.42612629179467
143.848353501751 0.433371030508696
144.948488144072 0.439899904350497
146.048622786393 0.444730727514967
147.148757428714 0.447205596434767
148.248892071036 0.447005017151878
149.349026713357 0.444128842393855
150.449161355678 0.438855776690234
151.549295997999 0.431686901261254
152.64943064032 0.423268225230422
153.749565282641 0.414309600193106
154.849699924962 0.405521236813607
155.949834567284 0.397535383273956
157.049969209605 0.390843775289683
158.150103851926 0.385756257376878
159.250238494247 0.382377083858424
160.350373136568 0.380602444174636
161.450507778889 0.380143759535506
162.550642421211 0.380584731870023
163.650777063532 0.381462731395328
164.750911705853 0.382345363723085
165.851046348174 0.382908954542518
166.951180990495 0.382986115125027
168.051315632816 0.382573683076756
169.151450275138 0.381805361870166
170.251584917459 0.380892517846847
171.35171955978 0.380046304885572
172.451854202101 0.379398761571781
173.551988844422 0.378955657968056
174.652123486743 0.378581440358042
175.752258129065 0.378029861783616
176.852392771386 0.377016575938253
177.952527413707 0.375305235112427
179.052662056028 0.372787464160247
180.152796698349 0.369537082452637
181.25293134067 0.365822018309983
182.353065982992 0.362055091509793
183.453200625313 0.358714398907275
184.553335267634 0.356240089498393
185.653469909955 0.354925334369398
186.753604552276 0.354846616375361
187.853739194597 0.355843609108455
188.953873836918 0.357545963927354
190.05400847924 0.359446048744246
191.154143121561 0.36100743257993
192.254277763882 0.361784410177531
193.354412406203 0.361504064719171
194.454547048524 0.360111475361182
195.554681690845 0.357764761806391
196.654816333167 0.354772192331354
197.754950975488 0.351502813819379
198.855085617809 0.348291138633161
199.95522026013 0.345350636581974
201.055354902451 0.34271810874723
202.155489544772 0.340251125188437
203.255624187094 0.337664825932801
204.355758829415 0.334598904357047
205.455893471736 0.33070749748188
206.556028114057 0.325740782746214
207.656162756378 0.319601716231373
208.756297398699 0.312372907106346
209.856432041021 0.304310317652019
210.956566683342 0.295799119966424
212.056701325663 0.287280344652454
213.156835967984 0.279184261041932
214.256970610305 0.271859966568451
215.357105252626 0.265524808302355
216.457239894947 0.26024524906753
217.557374537269 0.255950538370087
218.65750917959 0.252471481287689
219.757643821911 0.249598912479438
220.857778464232 0.247157067369617
221.957913106553 0.245069629629509
223.058047748874 0.243405004043502
224.158182391196 0.242395403295972
225.258317033517 0.242405384772019
226.358451675838 0.243862416336061
227.458586318159 0.247161263405646
228.55872096048 0.252558010731941
229.658855602801 0.260068974222656
230.758990245123 0.269406288583261
231.859124887444 0.279992878654289
232.959259529765 0.291004438303861
234.059394172086 0.301496240926324
235.159528814407 0.31056583579486
236.259663456728 0.317504445768745
237.35979809905 0.321917143816883
238.459932741371 0.323790711714908
239.560067383692 0.323500039329574
240.660202026013 0.321738282639376
241.760336668334 0.319365739119287
242.860471310655 0.31726541056453
243.960605952976 0.316167895582704
245.060740595298 0.316521743161886
246.160875237619 0.318429170183198
247.26100987994 0.321640594123222
248.361144522261 0.325609649142668
249.461279164582 0.329601501767739
250.561413806903 0.332840316415068
251.661548449225 0.334650972109229
252.761683091546 0.334576963939379
253.861817733867 0.332470442178404
254.961952376188 0.328509237336326
256.062087018509 0.323157162754633
257.16222166083 0.317086002405412
258.262356303152 0.311065243794532
259.362490945473 0.30583164229427
260.462625587794 0.301961595296769
261.562760230115 0.299795208441926
262.662894872436 0.299396924300294
263.763029514757 0.300556564452978
264.863164157079 0.302853085889052
265.9632987994 0.305743273739834
267.063433441721 0.308654005242266
268.163568084042 0.311069320114229
269.263702726363 0.312602096871666
270.363837368684 0.313037168029117
271.463972011006 0.312329808925476
272.564106653327 0.310582755043753
273.664241295648 0.308003549928988
274.764375937969 0.304848778446454
275.86451058029 0.301378244801103
276.964645222611 0.297824179013763
278.064779864932 0.294375685505296
279.164914507254 0.291177644543782
280.265049149575 0.288337471082659
281.365183791896 0.28594426420363
282.465318434217 0.28408476410412
283.565453076538 0.282847233520821
284.665587718859 0.282320804256451
285.765722361181 0.282585991539039
286.865857003502 0.283699689604136
287.965991645823 0.285677543296657
289.066126288144 0.28847917018151
290.166260930465 0.292005977921566
291.266395572786 0.296100925136976
292.366530215108 0.300552116471749
293.466664857429 0.305104660698454
294.56679949975 0.309470566247884
295.666934142071 0.313334313214434
296.767068784392 0.316358843503265
297.867203426713 0.318200608217687
298.967338069035 0.318540288427591
300.067472711356 0.31712033559947
301.167607353677 0.313783239462987
302.267741995998 0.308523802240496
303.367876638319 0.301515993887437
304.46801128064 0.293116037632138
305.568145922961 0.283840855106098
306.668280565283 0.274322861586271
307.768415207604 0.265242105133091
308.868549849925 0.257239489383325
309.968684492246 0.250838537747539
311.068819134567 0.246407485721586
312.168953776888 0.244126097959078
313.26908841921 0.243995661315093
314.369223061531 0.245875208305434
315.469357703852 0.249527943622003
316.569492346173 0.254664676673168
317.669626988494 0.260978005221488
318.769761630815 0.268168326292408
319.869896273137 0.275960685652317
320.970030915458 0.284093360132434
322.070165557779 0.292321553805277
323.1703002001 0.300414367383561
324.270434842421 0.308149302357418
325.370569484742 0.315305999563022
326.470704127064 0.321661147973582
327.570838769385 0.326987071333322
328.670973411706 0.331055578424819
329.771108054027 0.33364987545172
330.871242696348 0.334570546591019
331.971377338669 0.333661218786396
333.071511980991 0.33083630714177
334.171646623312 0.326107947220138
335.271781265633 0.319612445273938
336.371915907954 0.31162881060029
337.472050550275 0.302578373479131
338.572185192596 0.293001083535403
339.672319834917 0.283507663766781
340.772454477239 0.274739098517175
341.87258911956 0.267301775985263
342.972723761881 0.261712105936488
344.072858404202 0.258361259703249
345.172993046523 0.257495280245135
346.273127688844 0.259203885103785
347.373262331166 0.263417000258241
348.473396973487 0.269906763598653
349.573531615808 0.278308520899107
350.673666258129 0.288118864729333
351.77380090045 0.298710314856655
352.873935542771 0.309363432825429
353.974070185093 0.31930674917367
355.074204827414 0.327766411436585
356.174339469735 0.334035393286856
357.274474112056 0.337560026637272
358.374608754377 0.33802694829786
359.474743396698 0.335402871010425
360.57487803902 0.329955181800077
361.675012681341 0.322236566629935
362.775147323662 0.313006431805964
363.875281965983 0.303127432498133
364.975416608304 0.293458524293116
366.075551250625 0.284748649677585
367.175685892946 0.277540203937537
368.275820535268 0.272104947829937
369.375955177589 0.268436692326204
370.47608981991 0.266277654052114
371.576224462231 0.265179249633365
372.676359104552 0.264596716860028
373.776493746873 0.263986239970808
374.876628389195 0.262895328502594
375.976763031516 0.261042658328235
377.076897673837 0.258377672027441
378.177032316158 0.2550947162153
379.277166958479 0.251603201788907
380.3773016008 0.248468872276271
381.477436243122 0.246305659710091
382.577570885443 0.245655650667631
383.677705527764 0.246879607413535
384.777840170085 0.250074036516286
385.877974812406 0.255026200727811
386.978109454727 0.261229476264233
388.078244097049 0.267973794572491
389.17837873937 0.274461406087569
390.278513381691 0.279946556581765
391.378648024012 0.283873265941613
392.478782666333 0.285966390222528
393.578917308654 0.286265184072066
394.679051950976 0.285101858839838
395.779186593297 0.283036557267567
396.879321235618 0.280753014592645
397.979455877939 0.278936339517137
399.07959052026 0.278182805625402
400.179725162581 0.278924647247338
401.279859804903 0.281394745639721
402.379994447224 0.285629235404601
403.480129089545 0.291490042840836
404.580263731866 0.298692322459133
405.680398374187 0.306827552451069
406.780533016508 0.315385508378672
407.880667658829 0.323791631234876
408.980802301151 0.331416340620492
410.080936943472 0.33762893300646
411.181071585793 0.341865363479024
412.281206228114 0.343698723740518
413.381340870435 0.342911069882329
414.481475512756 0.339553577691496
415.581610155078 0.333978478639502
416.681744797399 0.326826845145697
417.78187943972 0.318936754813157
418.882014082041 0.311254960593252
419.982148724362 0.304694599423905
421.082283366683 0.299995913037411
422.182418009004 0.297633296676248
423.282552651326 0.297768326050828
424.382687293647 0.30025362538645
425.482821935968 0.304692075029413
426.582956578289 0.310543041786422
427.68309122061 0.317252100048383
428.783225862931 0.324355347497616
429.883360505253 0.331565802520812
430.983495147574 0.338805793313224
432.083629789895 0.346182755194519
433.183764432216 0.353927536190479
434.283899074537 0.36230895902941
435.384033716858 0.371541908712139
436.48416835918 0.381709070950003
437.584303001501 0.392725068019596
438.684437643822 0.404327281638984
439.784572286143 0.41611008028093
440.884706928464 0.427595898889963
441.984841570785 0.438312927058011
443.084976213107 0.447861300284068
444.185110855428 0.455962894685419
445.285245497749 0.462487535202125
446.38538014007 0.467452366857451
447.485514782391 0.470988125133906
448.585649424712 0.473302772409736
449.685784067034 0.474650335089539
450.785918709355 0.475302769287954
451.886053351676 0.475536860430423
452.986187993997 0.475630860194066
454.086322636318 0.475859548079117
455.186457278639 0.476476679861639
456.286591920961 0.477682284942416
457.386726563282 0.479585094023777
458.486861205603 0.48216033087288
459.586995847924 0.485221553467778
460.687130490245 0.488426372355134
461.787265132566 0.491315093418308
462.887399774887 0.493381992138432
463.987534417209 0.494172250543879
465.08766905953 0.493394201870112
466.187803701851 0.491007005572106
467.287938344172 0.487256303189773
468.388072986493 0.482667684496971
469.488207628814 0.477965091206514
470.588342271136 0.473943373254721
471.688476913457 0.471329928551545
472.788611555778 0.470657581528436
473.888746198099 0.472163641183291
474.98888084042 0.475735085427489
476.089015482741 0.480935577309878
477.189150125063 0.487082133739113
478.289284767384 0.493339569251314
479.389419409705 0.498854126419476
480.489554052026 0.502871939138612
481.589688694347 0.504825667999119
482.689823336668 0.504389120973717
483.78995797899 0.501506512161732
484.890092621311 0.496394934545349
485.990227263632 0.489503145251054
487.090361905953 0.481451925788767
488.190496548274 0.472981304706143
489.290631190595 0.464871304743693
490.390765832916 0.457870448152851
491.490900475238 0.452643490482396
492.591035117559 0.449735216183214
493.69116975988 0.449543719025965
494.791304402201 0.452302383781888
495.891439044522 0.458087055755292
496.991573686843 0.466847218593141
498.091708329165 0.47842235101591
499.191842971486 0.492571582900015
500.291977613807 0.508999443792545
501.392112256128 0.52736297701222
502.492246898449 0.547261719035969
503.59238154077 0.568220797762707
504.692516183092 0.589677413331249
505.792650825413 0.610998803937201
506.892785467734 0.631472867503982
507.992920110055 0.650353651130194
509.093054752376 0.66693537917495
510.193189394697 0.680624507125599
511.293324037019 0.691010074709026
512.39345867934 0.697926531673465
513.493593321661 0.701492770917753
514.593727963982 0.702118432432575
515.693862606303 0.700440211096515
516.793997248624 0.697247291327051
517.894131890946 0.69337009512476
518.994266533267 0.689558233525421
520.094401175588 0.686394232162797
521.194535817909 0.684247636069073
522.29467046023 0.683265915286243
523.394805102551 0.683404118675601
524.494939744872 0.684482780862882
525.595074387194 0.686262472702417
526.695209029515 0.688495857481264
527.795343671836 0.690957241067728
528.895478314157 0.69344579351335
529.995612956478 0.695763059819999
531.095747598799 0.697681815825927
532.195882241121 0.69892242926451
533.296016883442 0.699152888638314
534.396151525763 0.698015617163602
535.496286168084 0.695169933822574
536.596420810405 0.690333685816131
537.696555452726 0.683328165060929
538.796690095048 0.674097000499658
539.896824737369 0.662706067163516
540.99695937969 0.649335850442035
542.097094022011 0.634279316414061
543.197228664332 0.617945602559049
544.297363306653 0.600869883617655
545.397497948975 0.58371018489967
546.497632591296 0.567261894698996
547.597767233617 0.552419720884277
548.697901875938 0.540097559406645
549.798036518259 0.531119569865884
550.89817116058 0.526103076167413
551.998305802902 0.525344406779911
553.098440445223 0.528733997261748
554.198575087544 0.535760420468903
555.298709729865 0.545607807985332
556.398844372186 0.557318407067359
557.498979014507 0.570038120271804
558.599113656828 0.583255602278232
559.69924829915 0.596987565963777
560.799382941471 0.611867230439027
561.899517583792 0.629117078950277
562.999652226113 0.650380263293332
564.099786868434 0.677401373392202
565.199921510755 0.711648709273164
566.300056153077 0.753929126399513
567.400190795398 0.804044618984927
568.500325437719 0.860640767279158
569.60046008004 0.921200181280115
570.700594722361 0.982204427478988
571.800729364682 1.03946964330657
572.900864007004 1.08866366155589
574.000998649325 1.12589957600622
575.101133291646 1.14815807921485
576.201267933967 1.15370586645442
577.301402576288 1.1423039901805
578.401537218609 1.11513393731503
579.501671860931 1.07455562493925
580.601806503252 1.02375526880148
581.701941145573 0.966326699483751
582.802075787894 0.905818379129645
583.902210430215 0.845326273876858
585.002345072536 0.787306250119124
586.102479714858 0.733486432148694
587.202614357179 0.684878130710385
588.3027489995 0.641921738441667
589.402883641821 0.604674190158107
590.503018284142 0.572981117109005
591.603152926463 0.54659722216205
592.703287568785 0.525239906713531
593.803422211106 0.508602058279789
594.903556853427 0.496316831503996
596.003691495748 0.487920606905421
597.103826138069 0.482835013129853
598.20396078039 0.480385464719123
599.304095422711 0.479854293571036
600.404230065033 0.480562746131701
601.504364707354 0.481965090043823
602.604499349675 0.483730354304063
603.704633991996 0.485778017634112
604.804768634317 0.488240916682752
605.904903276638 0.491389817593869
607.00503791896 0.495510795266692
608.105172561281 0.500771814863852
609.205307203602 0.507114243934558
610.305441845923 0.514184275888167
611.405576488244 0.521332975210329
612.505711130565 0.527693399392327
613.605845772886 0.53231990779913
614.705980415208 0.534334569262245
615.806115057529 0.533099053905418
616.90624969985 0.528337995943005
618.006384342171 0.520191471497908
619.106518984492 0.509197055391274
620.206653626813 0.496215747509562
621.306788269135 0.482297365606643
622.406922911456 0.468505881278052
623.507057553777 0.455753630196164
624.607192196098 0.444697463225177
625.707326838419 0.435656912123538
626.80746148074 0.428617762766854
627.907596123062 0.423298189824484
629.007730765383 0.419255097710577
630.107865407704 0.416003163752707
631.208000050025 0.413133712896395
632.308134692346 0.410412098594193
633.408269334667 0.407822749222231
634.508403976989 0.405571143998148
635.60853861931 0.404046192859488
636.708673261631 0.403735610728027
637.808807903952 0.405126208573996
638.908942546273 0.408605543596528
640.009077188594 0.414372703949612
641.109211830916 0.422363032759203
642.209346473237 0.432219446290479
643.309481115558 0.443317002476484
644.409615757879 0.454799538844906
645.5097504002 0.465692862954887
646.609885042521 0.475036823732803
647.710019684843 0.482012655175245
648.810154327164 0.48604974541797
649.910288969485 0.48690260295458
651.010423611806 0.484688980659212
652.110558254127 0.479860523259271
653.210692896448 0.473107196219471
654.31082753877 0.46525638061986
655.410962181091 0.45712969614386
656.511096823412 0.449419817245032
657.611231465733 0.442607509928955
658.711366108054 0.436921892001327
659.811500750375 0.4323401976872
660.911635392696 0.428622956386652
662.011770035018 0.425385552841145
663.111904677339 0.422183264539174
664.21203931966 0.418582964812156
665.312173961981 0.414229375792968
666.412308604302 0.408887412184649
667.512443246623 0.402464722450392
668.612577888945 0.395025740975145
669.712712531266 0.386802790575554
670.812847173587 0.378203195461065
671.912981815908 0.369805066814365
673.013116458229 0.362336939228231
674.11325110055 0.356660389041193
675.213385742872 0.353705966146256
676.313520385193 0.354387648169466
677.413655027514 0.359509424321943
678.513789669835 0.369661821553112
679.613924312156 0.385114448168055
680.714058954477 0.405722232711774
681.814193596799 0.43087704863874
682.91432823912 0.459544151908262
684.014462881441 0.490285869524576
685.114597523762 0.521378423401146
686.214732166083 0.550973317867108
687.314866808404 0.577245894899838
688.415001450725 0.59853023094516
689.515136093047 0.613451024578381
690.615270735368 0.621055085462837
691.715405377689 0.620902003351738
692.81554002001 0.613090475666485
693.915674662331 0.598271381619716
695.015809304652 0.577599144492381
696.115943946974 0.55262676273218
697.216078589295 0.525184237406391
698.316213231616 0.497238899467248
699.416347873937 0.470725556190833
700.516482516258 0.447355325402993
701.616617158579 0.428423287214252
702.716751800901 0.414730767110896
703.816886443222 0.406532633221738
704.917021085543 0.403543319236204
706.017155727864 0.405042754068699
707.117290370185 0.410013341609239
708.217425012506 0.41728941402441
709.317559654828 0.425716964216533
710.417694297149 0.434303525424954
711.51782893947 0.442319759965118
712.617963581791 0.449332809974222
713.718098224112 0.455226426477036
714.818232866433 0.46015953754457
715.918367508754 0.464501158661156
717.018502151076 0.468754371876661
718.118636793397 0.47348192718233
719.218771435718 0.479228258249489
720.318906078039 0.486438527834366
721.41904072036 0.495395729837367
722.519175362681 0.506171575512372
723.619310005003 0.518582868376149
724.719444647324 0.532197013260856
725.819579289645 0.546368372932079
726.919713931966 0.560302013304058
728.019848574287 0.573138535579632
729.119983216608 0.584062270684624
730.22011785893 0.592421180001346
731.320252501251 0.597812408205762
732.420387143572 0.600129053635389
733.520521785893 0.599589636353189
734.620656428214 0.596705131056977
735.720791070535 0.592227877158353
736.820925712857 0.587090440609961
737.921060355178 0.582338975236171
739.021194997499 0.579055285607642
740.12132963982 0.578257508838296
741.221464282141 0.580801589985683
742.321598924462 0.587307227118387
743.421733566783 0.598044045575181
744.521868209105 0.612872629922116
745.622002851426 0.631214284476683
746.722137493747 0.652061361279827
747.822272136068 0.67404907957065
748.922406778389 0.695603971496611
750.02254142071 0.715157635441707
751.122676063032 0.73133901895685
752.222810705353 0.743148580418463
753.322945347674 0.750089487623797
754.423079989995 0.752175717194688
755.523214632316 0.749851846405909
756.623349274637 0.743859526395722
757.723483916959 0.73508154457609
758.82361855928 0.724398277420502
759.923753201601 0.712591964845108
761.023887843922 0.700333996858675
762.124022486243 0.688248499080691
763.224157128564 0.676990860684796
764.324291770886 0.667320089387464
765.424426413207 0.660124983200275
766.524561055528 0.656379548335598
767.624695697849 0.657012421301741
768.72483034017 0.662711119358721
769.824964982491 0.673713282514292
770.925099624812 0.689698569895656
772.025234267134 0.709715024727287
773.125368909455 0.732243748351748
774.225503551776 0.755405143223625
775.325638194097 0.777212813017152
776.425772836418 0.795832473494889
777.525907478739 0.809824204188456
778.626042121061 0.818335294826564
779.726176763382 0.821180535746542
780.826311405703 0.81878624518638
781.926446048024 0.812064080162383
783.026580690345 0.802205324755994
784.126715332666 0.790447035079751
785.226849974988 0.777881545304497
786.326984617309 0.765323175489431
787.42711925963 0.753237250177106
788.527253901951 0.741737308984508
789.627388544272 0.730649830342595
790.727523186593 0.719629437133206
791.827657828915 0.708274513742619
792.927792471236 0.696231290245255
794.027927113557 0.683267161739753
795.128061755878 0.669302063670344
796.228196398199 0.65440925607778
797.32833104052 0.638793530208705
798.428465682842 0.622754486777149
799.528600325163 0.606644576906853
800.628734967484 0.590854706754505
801.728869609805 0.575798007006404
802.829004252126 0.561892161003177
803.929138894447 0.549539083123266
805.029273536769 0.539096524595431
806.12940817909 0.530835979644674
807.229542821411 0.524888785814393
808.329677463732 0.521199514266637
809.429812106053 0.519521162927485
810.529946748374 0.519440859988123
811.630081390696 0.520434911953238
812.730216033017 0.521961204390166
813.830350675338 0.52354985386855
814.930485317659 0.524866285683118
816.03061995998 0.525734925555105
817.130754602301 0.526122307472105
818.230889244623 0.5260780170311
819.331023886944 0.525653006509987
820.431158529265 0.524825064682667
821.531293171586 0.523455742467273
822.631427813907 0.521297514167111
823.731562456228 0.518049648575263
824.831697098549 0.513446576920189
825.931831740871 0.507356776853048
827.031966383192 0.499870491636556
828.132101025513 0.491345042387824
829.232235667834 0.482372865943501
830.332370310155 0.473728484149423
831.432504952476 0.466243210012793
832.532639594798 0.460662731222262
833.632774237119 0.457526491306007
834.73290887944 0.457080585197901
835.833043521761 0.459236434912705
836.933178164082 0.463576253754116
838.033312806403 0.46941326904152
839.133447448724 0.475912412456272
840.233582091046 0.482188973794059
841.333716733367 0.48744502708034
842.433851375688 0.491080438475712
843.533986018009 0.492764899081745
844.63412066033 0.492478208882206
845.734255302651 0.490514185746844
846.834389944973 0.487442894378046
847.934524587294 0.484026490761965
849.034659229615 0.481100606863451
850.134793871936 0.479460572549451
851.234928514257 0.479730399666663
852.335063156578 0.482264805520248
853.435197798899 0.48709631620709
854.535332441221 0.493919474350664
855.635467083542 0.50211599353999
856.735601725863 0.510827930747514
857.835736368184 0.519072169971634
858.935871010505 0.52587130516218
860.036005652826 0.530364492351784
861.136140295148 0.531928123005861
862.236274937469 0.530247489608774
863.33640957979 0.525340091309741
864.436544222111 0.517546069344176
865.536678864432 0.507489556684134
866.636813506754 0.496004816867743
867.736948149075 0.484035442245023
868.837082791396 0.472521208330636
869.937217433717 0.462313207753005
871.037352076038 0.454073796705032
872.137486718359 0.448215343885374
873.23762136068 0.444883986008604
874.337756003002 0.443978783720471
875.437890645323 0.445199674999389
876.538025287644 0.448123367916959
877.638159929965 0.452301230548806
878.738294572286 0.457338004169689
879.838429214607 0.462945772070357
880.938563856929 0.468970172288914
882.03869849925 0.475364930375515
883.138833141571 0.482132049649113
884.238967783892 0.489245805053929
885.339102426213 0.496578883827408
886.439237068534 0.503851068532512
887.539371710856 0.510631838078195
888.639506353177 0.516376919620867
889.739640995498 0.520493602520688
890.839775637819 0.522447274017184
891.93991028014 0.521851272047293
893.040044922461 0.518529013056747
894.140179564783 0.512539875518105
895.240314207104 0.504167092851114
896.340448849425 0.493861368947543
897.440583491746 0.48214777853337
898.540718134067 0.469545377459223
899.640852776388 0.456494310854744
900.740987418709 0.443308616205431
901.841122061031 0.430170758373065
902.941256703352 0.4171656412293
904.041391345673 0.404338856790527
905.141525987994 0.391763013804607
906.241660630315 0.379598134569279
907.341795272636 0.36812393341101
908.441929914958 0.357752282436227
909.542064557279 0.349005874531738
910.6421991996 0.3424572948055
911.742333841921 0.338655251609039
912.842468484242 0.338050156333801
913.942603126563 0.340924459363548
915.042737768885 0.347330356333999
916.142872411206 0.357047218340321
917.243007053527 0.369593928757697
918.343141695848 0.38423434900712
919.443276338169 0.400034598547703
920.54341098049 0.415953310875267
921.643545622812 0.43093455930606
922.743680265133 0.444002160098156
923.843814907454 0.454355912465644
924.943949549775 0.461466975542009
926.044084192096 0.465160674253068
927.144218834417 0.46563175567307
928.244353476738 0.463424672325638
929.34448811906 0.459368825067133
930.444622761381 0.454454020839805
931.544757403702 0.449694662688136
932.644892046023 0.445998475470385
933.745026688344 0.444046137538708
934.845161330665 0.444197019415978
935.945295972987 0.446441736297518
937.045430615308 0.450439589428586
938.145565257629 0.455574722762925
939.24569989995 0.461058987955317
940.345834542271 0.466065843029481
941.445969184592 0.469846653694406
942.546103826914 0.471820048707474
943.646238469235 0.471634641306921
944.746373111556 0.469199312045818
945.846507753877 0.464677936654012
946.946642396198 0.458434419498623
948.046777038519 0.450981888239732
949.146911680841 0.442915681671413
950.247046323162 0.434840279110071
951.347180965483 0.427315562180801
952.447315607804 0.420820896706104
953.547450250125 0.415727514398902
954.647584892446 0.412275148179692
955.747719534767 0.410553175416713
956.847854177089 0.410503744032911
957.94798881941 0.411921015095054
959.048123461731 0.414456609107429
960.148258104052 0.417647079297553
961.248392746373 0.420948101584091
962.348527388694 0.423770959343058
963.448662031016 0.425525221410605
964.548796673337 0.425670832137788
965.648931315658 0.423774889779878
966.749065957979 0.419549297554351
967.8492006003 0.41288047164293
968.949335242621 0.403853304490622
970.049469884943 0.392747606717201
971.149604527264 0.38002536722799
972.249739169585 0.366309423284629
973.349873811906 0.352350013856547
974.450008454227 0.338968714357919
975.550143096548 0.326969378348074
976.65027773887 0.317060187421789
977.750412381191 0.309778656381045
978.850547023512 0.305397989981022
979.950681665833 0.303883051194274
981.050816308154 0.304879359030168
982.150950950475 0.307742287239381
983.251085592796 0.31160803712853
984.351220235118 0.315514303507809
985.451354877439 0.318547132497798
986.55148951976 0.319956599006364
987.651624162081 0.31927443397797
988.751758804402 0.316364085102376
989.851893446723 0.311438697490995
990.952028089045 0.304917927373471
992.052162731366 0.297542830473728
993.152297373687 0.290016853488044
994.252432016008 0.283062521416109
995.352566658329 0.277304615526601
996.45270130065 0.273120003427473
997.552835942972 0.270715591843706
998.652970585293 0.270172629158464
999.753105227614 0.271271117750093
1000.85323986994 0.273832347919218
1001.95337451226 0.277557915729877
1003.05350915458 0.282118499191367
1004.1536437969 0.287183532722751
1005.25377843922 0.292397929099671
1006.35391308154 0.297440656388474
1007.45404772386 0.301999007377662
1008.55418236618 0.305817655615206
1009.6543170085 0.308642674595637
1010.75445165083 0.310369813449213
1011.85458629315 0.310942165740351
1012.95472093547 0.310415930885621
1014.05485557779 0.308898489718635
1015.15499022011 0.306529444900942
1016.25512486243 0.303423698272528
1017.35525950475 0.29964776040959
1018.45539414707 0.295206070327865
1019.55552878939 0.290032200593762
1020.65566343172 0.284076576697009
1021.75579807404 0.277317927588049
1022.85593271636 0.26984221695522
1023.95606735868 0.26194210335812
1025.056202001 0.253976291876101
1026.15633664332 0.24647813073811
1027.25647128564 0.240003176016198
1028.35660592796 0.235054694015507
1029.45674057029 0.231999511550795
1030.55687521261 0.230989404980087
1031.65700985493 0.23200537566538
1032.75714449725 0.23484399347433
1033.85727913957 0.239154316098647
1034.95741378189 0.244511790308313
1036.05754842421 0.250568795204631
1037.15768306653 0.256946364825924
1038.25781770885 0.263387771599219
1039.35795235118 0.269641574775276
1040.4580869935 0.275506168862115
1041.55822163582 0.280784671693048
1042.65835627814 0.285206417012078
1043.75849092046 0.288534206984737
1044.85862556278 0.290522913045786
1045.9587602051 0.290957586870672
1047.05889484742 0.289715579134475
1048.15902948974 0.286814558524377
1049.25916413207 0.282408573751038
1050.35929877439 0.276867402001891
1051.45943341671 0.270634570121688
1052.55956805903 0.264272680858699
1053.65970270135 0.258400587175022
1054.75983734367 0.253524100697905
1055.85997198599 0.250108027846708
1056.96010662831 0.248459892186281
1058.06024127064 0.248703460919819
1059.16037591296 0.250808305623644
1060.26051055528 0.254582888247203
1061.3606451976 0.259727003107733
1062.46077983992 0.265947157432472
1063.56091448224 0.272946789401316
1064.66104912456 0.280519999286615
1065.76118376688 0.28855817520908
1066.8613184092 0.297005012612386
1067.96145305153 0.305878390751264
1069.06158769385 0.315203906951211
1070.16172233617 0.324995981593281
1071.26185697849 0.335242670628332
1072.36199162081 0.345966916862596
1073.46212626313 0.357205357899664
1074.56226090545 0.369191097187878
1075.66239554777 0.382304338895603
1076.7625301901 0.397092708826209
1077.86266483242 0.414454856151964
1078.96279947474 0.435343241894734
1080.06293411706 0.460824989728354
1081.16306875938 0.491888244781133
1082.2632034017 0.529196608548647
1083.36333804402 0.572939776753234
1084.46347268634 0.622857447842164
1085.56360732866 0.6777584233144
1086.66374197099 0.736038037055386
1087.76387661331 0.795226974570708
1088.86401125563 0.852303075492259
1089.96414589795 0.904178984189105
1091.06428054027 0.947298362391247
1092.16441518259 0.978957423223027
1093.26454982491 0.997234431265832
1094.36468446723 1.00137323179746
1095.46481910955 0.991983004296706
1096.56495375188 0.971144335407831
1097.6650883942 0.941786221405063
1098.76522303652 0.907834001026035
1099.86535767884 0.873163671224528
1100.96549232116 0.8411429687992
1102.06562696348 0.814581773580026
1103.1657616058 0.794721485024606
1104.26589624812 0.781709858812833
1105.36603089045 0.774405806002449
1106.46616553277 0.770754618633718
1107.56630017509 0.768299308520564
1108.66643481741 0.7647619603785
1109.76656945973 0.75811688132675
1110.86670410205 0.747261181384275
1111.96683874437 0.732028663441464
1113.06697338669 0.713362551769874
1114.16710802901 0.692874206845888
1115.26724267134 0.673310153166334
1116.36737731366 0.657665561867924
1117.46751195598 0.649178248675525
1118.5676465983 0.650546588340355
1119.66778124062 0.663592608351216
1120.76791588294 0.689053809937509
1121.86805052526 0.726227071079753
1122.96818516758 0.772591640990764
1124.06831980991 0.824234935934967
1125.16845445223 0.87686682789789
1126.26858909455 0.925100559949725
1127.36872373687 0.964543971409942
1128.46885837919 0.991446981362242
1129.56899302151 1.00399384088009
1130.66912766383 1.00189250108396
1131.76926230615 0.986347323261275
1132.86939694847 0.959814955142424
1133.9695315908 0.92576922439875
1135.06966623312 0.887542508023995
1136.16980087544 0.847971923949016
1137.26993551776 0.809381252469517
1138.37007016008 0.772815613123774
1139.4702048024 0.738643613554889
1140.57033944472 0.706349674212467
1141.67047408704 0.675249518639156
1142.77060872936 0.644641601600471
1143.87074337169 0.614061097749134
1144.97087801401 0.583503870011714
1146.07101265633 0.553333138308648
1147.17114729865 0.524216926250593
1148.27128194097 0.497022475422432
1149.37141658329 0.472508877811284
1150.47155122561 0.451276749740734
1151.57168586793 0.43354455965172
1152.67182051026 0.419289043833268
1153.77195515258 0.408221089605046
1154.8720897949 0.399853394908671
1155.97222443722 0.393635861819719
1157.07235907954 0.38915173869312
1158.17249372186 0.386093032576731
1159.27262836418 0.384367566179682
1160.3727630065 0.384039803171291
1161.47289764882 0.385296984279896
1162.57303229115 0.38834973197894
1163.67316693347 0.393382119455291
1164.77330157579 0.400485379973579
1165.87343621811 0.409618413438527
1166.97357086043 0.420680370281389
1168.07370550275 0.433513638193606
1169.17384014507 0.448033542566855
1170.27397478739 0.46430995724334
1171.37410942971 0.482560154851896
1172.47424407204 0.503157802494045
1173.57437871436 0.526506898857966
1174.67451335668 0.552903708296713
1175.774647999 0.582450446591274
1176.87478264132 0.614766455348872
1177.97491728364 0.649140320921819
1179.07505192596 0.684406843757485
1180.17518656828 0.718826302204995
1181.27532121061 0.75077659532214
1182.37545585293 0.778496953692394
1183.47559049525 0.800631835987607
1184.57572513757 0.816448543855721
1185.67585977989 0.826008188291528
1186.77599442221 0.830110067056167
1187.87612906453 0.830556303950971
1188.97626370685 0.829541845121008
1190.07639834917 0.829833289911969
1191.1765329915 0.834653922254573
1192.27666763382 0.846668458293276
1193.37680227614 0.868464037182977
1194.47693691846 0.901644640747143
1195.57707156078 0.946712548011679
1196.6772062031 1.00303315416582
1197.77734084542 1.06884215130859
1198.87747548774 1.1410205460682
1199.97761013007 1.21611650516815
1201.07774477239 1.28964375062802
1202.17787941471 1.35675854581595
1203.27801405703 1.41340357419061
1204.37814869935 1.455269083302
1205.47828334167 1.47957785370547
1206.57841798399 1.4845210191963
1207.67855262631 1.46980324293041
1208.77868726863 1.43646700351181
1209.87882191096 1.38666707990095
1210.97895655328 1.32333860452119
1212.0790911956 1.25063340324902
1213.17922583792 1.17256181863703
1214.27936048024 1.09280222059068
1215.37949512256 1.01511511298267
1216.47962976488 0.941993579127193
1217.5797644072 0.875733526837102
1218.67989904952 0.81737333983188
1219.78003369185 0.767928099033628
1220.88016833417 0.728121324152501
1221.98030297649 0.69834810330959
1223.08043761881 0.679111773163942
1224.18057226113 0.670878216393977
1225.28070690345 0.673855432165507
1226.38084154577 0.687880711868929
1227.48097618809 0.712226870462718
1228.58111083042 0.745439768612049
1229.68124547274 0.785905781817179
1230.78138011506 0.831515751372362
1231.88151475738 0.880540900485598
1232.9816493997 0.931686312361664
1234.08178404202 0.984026192882788
1235.18191868434 1.03756884931191
1236.28205332666 1.09240266516748
1237.38218796898 1.14861102835714
1238.48232261131 1.20567470974329
1239.58245725363 1.26179835259217
1240.68259189595 1.31450422950709
1241.78272653827 1.35944682668496
1242.88286118059 1.39211851793053
1243.98299582291 1.40800631170592
1245.08313046523 1.40292574660852
1246.18326510755 1.37452980047777
1247.28339974987 1.32257066738719
1248.3835343922 1.24864700201535
1249.48366903452 1.15664707432669
1250.58380367684 1.05200798660699
1251.68393831916 0.940985427274599
1252.78407296148 0.831100501611952
1253.8842076038 0.728242845297951
1254.98434224612 0.637766158993236
1256.08447688844 0.56380995787067
1257.18461153077 0.50864283369206
1258.28474617309 0.473645511211447
1259.38488081541 0.458754267798171
1260.48501545773 0.46291113136001
1261.58515010005 0.484321648891358
1262.68528474237 0.520342210130994
1263.78541938469 0.567943202711624
1264.88555402701 0.624137460020945
1265.98568866933 0.685115549363337
1267.08582331166 0.747730960706313
1268.18595795398 0.808653704289261
1269.2860925963 0.864421040316596
1270.38622723862 0.912640598266165
1271.48636188094 0.950948526491885
1272.58649652326 0.978090205406241
1273.68663116558 0.993589556882039
1274.7867658079 0.997822552690495
1275.88690045023 0.991862800739024
1276.98703509255 0.977285193682849
1278.08716973487 0.955792832777697
1279.18730437719 0.929366914238152
1280.28743901951 0.89977442934781
1281.38757366183 0.868271314712006
1282.48770830415 0.835978045654092
1283.58784294647 0.803374937887928
1284.68797758879 0.770752830491919
1285.78811223112 0.738020356548319
1286.88824687344 0.705031897423875
1287.98838151576 0.6716383316213
1289.08851615808 0.637722079254736
1290.1886508004 0.603372226340541
1291.28878544272 0.568812554449998
1292.38892008504 0.534391899666877
1293.48905472736 0.50069065038167
1294.58918936969 0.468276319835626
1295.68932401201 0.437825853260413
1296.78945865433 0.409824626266931
1297.88959329665 0.384704061631024
1298.98972793897 0.362702212890746
1300.08986258129 0.343779163925155
1301.18999722361 0.327671998238987
1302.29013186593 0.313986939351622
1303.39026650825 0.302226560311473
1304.49040115058 0.291907100117771
1305.5905357929 0.282653729175486
1306.69067043522 0.274275852556602
1307.79080507754 0.266797276928828
1308.89093971986 0.26043615460849
1309.99107436218 0.255556851456894
1311.0912090045 0.252540277250238
1312.19134364682 0.251718648508087
1313.29147828914 0.253287678692184
1314.39161293147 0.257200095814891
1315.49174757379 0.263155008747951
1316.59188221611 0.270593885889669
1317.69201685843 0.278757663011383
1318.79215150075 0.286905187648647
1319.89228614307 0.294204810850107
1320.99242078539 0.300065841009427
1322.09255542771 0.304105110821317
1323.19269007004 0.306146827815767
1324.29282471236 0.306266647818209
1325.39295935468 0.304730941423581
1326.493093997 0.301916940897471
1327.59322863932 0.298288380379349
1328.69336328164 0.294281259980208
1329.79349792396 0.290277452591664
1330.89363256628 0.286690997713706
1331.9937672086 0.283823449328116
1333.09390185093 0.281991562529539
1334.19403649325 0.281498342572193
1335.29417113557 0.282572359142228
1336.39430577789 0.285375573871921
1337.49444042021 0.289943779908003
1338.59457506253 0.29612167209558
1339.69470970485 0.303589593378742
1340.79484434717 0.31184503426437
1341.8949789895 0.320260110000931
1342.99511363182 0.328267329993574
1344.09524827414 0.335429155632878
1345.19538291646 0.341526299012182
1346.29551755878 0.346726988902691
1347.3956522011 0.351700647882613
1348.49578684342 0.35735733931855
1349.59592148574 0.365133046735315
1350.69605612806 0.376509907031535
1351.79619077039 0.393012543330329
1352.89632541271 0.41585120806898
1353.99646005503 0.445792292077239
1355.09659469735 0.483095837967893
1356.19672933967 0.527413885151003
1357.29686398199 0.577552396587669
1358.39699862431 0.631707677606377
1359.49713326663 0.687888458602416
1360.59726790895 0.743221535855648
1361.69740255128 0.795108615463662
1362.7975371936 0.840607433505018
1363.89767183592 0.877493845442662
1364.99780647824 0.90390764050803
1366.09794112056 0.918594697924591
1367.19807576288 0.921368256192253
1368.2982104052 0.913131889394466
1369.39834504752 0.895507840892579
1370.49847968984 0.870763092266845
1371.59861433217 0.841934121991743
1372.69874897449 0.811859069870685
1373.79888361681 0.783563410704164
1374.89901825913 0.759040891316747
1375.99915290145 0.740037213151138
1377.09928754377 0.72748943385952
1378.19942218609 0.72152091961939
1379.29955682841 0.721990128703271
1380.39969147074 0.728519092359047
1381.49982611306 0.740788817768531
1382.59996075538 0.758864283386646
1383.7000953977 0.783153359183958
1384.80023004002 0.814773733327376
1385.90036468234 0.855112586740185
1387.00049932466 0.906123988103334
1388.10063396698 0.969829962067089
1389.2007686093 1.04785830288428
1390.30090325163 1.14113501797319
1391.40103789395 1.24996643980245
1392.50117253627 1.37295943472182
1393.60130717859 1.50726351097227
1394.70144182091 1.64831865930459
1395.80157646323 1.78985891384165
1396.90171110555 1.92568784132917
1398.00184574787 2.04777283168307
1399.1019803902 2.14956411363839
1400.20211503252 2.22558737573175
1401.30224967484 2.27130966931213
1402.40238431716 2.2847076673893
1403.50251895948 2.26563938547017
1404.6026536018 2.21602973819338
1405.70278824412 2.13997573425643
1406.80292288644 2.04250153132845
1407.90305752876 1.92910445475124
1409.00319217109 1.80624039098874
1410.10332681341 1.67906927242794
1411.20346145573 1.5529185418157
1412.30359609805 1.43234797513702
1413.40373074037 1.32080309420487
1414.50386538269 1.221451534214
1415.60400002501 1.1357409945095
1416.70413466733 1.06444193186979
1417.80426930965 1.00727202533111
1418.90440395198 0.963082307463142
1420.0045385943 0.93005549788076
1421.10467323662 0.905953905429426
1422.20480787894 0.887979649705012
1423.30494252126 0.873615911982933
1424.40507716358 0.860525166403613
1425.5052118059 0.846736177829117
1426.60534644822 0.831173683883998
1427.70548109055 0.81322393058061
1428.80561573287 0.793045108544418
1429.90575037519 0.771299424999243
1431.00588501751 0.748950669167625
1432.10601965983 0.727081165382086
1433.20615430215 0.706835293295976
1434.30628894447 0.689050804655581
1435.40642358679 0.67434991718203
1436.50655822911 0.663065720611001
1437.60669287144 0.655196968721192
1438.70682751376 0.650440369732903
1439.80696215608 0.64827533594382
1440.9070967984 0.647909219188651
1442.00723144072 0.648567788439988
1443.10736608304 0.649376155780511
1444.20750072536 0.649475705618758
1445.30763536768 0.648203860408895
1446.40777001001 0.644926895957969
1447.50790465233 0.639189086819022
1448.60803929465 0.630724384223737
1449.70817393697 0.619440526098244
1450.80830857929 0.605462198951884
1451.90844322161 0.589171628533098
1453.00857786393 0.571029755816636
1454.10871250625 0.551733267445955
1455.20884714857 0.532009488613249
1456.3089817909 0.512529775159032
1457.40911643322 0.494051411407627
1458.50925107554 0.477097218724079
1459.60938571786 0.462107256754398
1460.70952036018 0.449452651869738
1461.8096550025 0.439371681135237
1462.90978964482 0.432285864204182
1464.00992428714 0.428585613097109
1465.11005892946 0.429124394790443
1466.21019357179 0.434944919750092
1467.31032821411 0.44722930545493
1468.41046285643 0.467446954242902
1469.51059749875 0.496937329716622
1470.61073214107 0.536673557193423
1471.71086678339 0.587001827577641
1472.81100142571 0.647197934165499
1473.91113606803 0.71525707201863
1475.01127071036 0.788460983308818
1476.11140535268 0.862326229299475
1477.211539995 0.932357810757827
1478.31167463732 0.993768943654989
1479.41180927964 1.04163648200853
1480.51194392196 1.07261426337507
1481.61207856428 1.0843660717408
1482.7122132066 1.07653178005004
1483.81234784892 1.05079181573951
1484.91248249125 1.01032906683588
1486.01261713357 0.95932128533071
1487.11275177589 0.903000161299084
1488.21288641821 0.845877355539927
1489.31302106053 0.792342115465938
1490.41315570285 0.745851400444764
1491.51329034517 0.708477300405863
1492.61342498749 0.681497827275803
1493.71355962982 0.664838027736938
1494.81369427214 0.657814242880293
1495.91382891446 0.659304796862194
1497.01396355678 0.667980355460416
1498.1140981991 0.682632540588259
1499.21423284142 0.702378427332574
1500.31436748374 0.726540496378175
1501.41450212606 0.754818338410305
1502.51463676838 0.787097756364443
1503.61477141071 0.823401032434558
1504.71490605303 0.863900856952779
1505.81504069535 0.908514941751874
1506.91517533767 0.957025502682804
1508.01530997999 1.00875400462054
1509.11544462231 1.06278337204576
1510.21557926463 1.11794690387113
1511.31571390695 1.17291529257133
1512.41584854927 1.22659769441478
1513.5159831916 1.27840891090007
1514.61611783392 1.32865371176489
1515.71625247624 1.37838275341016
1516.81638711856 1.43038082493605
1517.91652176088 1.488015685965
1519.0166564032 1.55633664908514
1520.11679104552 1.64022270337642
1521.21692568784 1.74528536075861
1522.31706033017 1.87750380167144
1523.41719497249 2.04162188028552
1524.51732961481 2.24266945551422
1525.61746425713 2.48546721560943
1526.71759889945 2.77406775896523
1527.81773354177 3.11185531172513
1528.91786818409 3.50057026784511
1530.01800282641 3.93837762673344
1531.11813746873 4.42181726749867
1532.21827211106 4.94136077640862
1533.31840675338 5.48419442898087
1534.4185413957 6.03490067587802
1535.51867603802 6.57166346370328
1536.61881068034 7.0749803330733
1537.71894532266 7.5254611633286
1538.81907996498 7.90631742023598
1539.9192146073 8.20763742047617
1541.01934924962 8.4241706526807
1542.11948389195 8.55739845005407
1543.21961853427 8.61140999059181
1544.31975317659 8.59198012297731
1545.41988781891 8.50586876696687
1546.52002246123 8.35920469618962
1547.62015710355 8.15472388321719
1548.72029174587 7.89573610304645
1549.82042638819 7.58504809841291
1550.92056103052 7.22804186323242
1552.02069567284 6.83378024976664
1553.12083031516 6.4128719371693
1554.22096495748 5.98195174441558
1555.3210995998 5.55643346847978
1556.42123424212 5.15186067376341
1557.52136888444 4.78317089832988
1558.62150352676 4.45892507417212
1559.72163816908 4.18542805189575
1560.82177281141 3.96358245189282
1561.92190745373 3.79122655456112
1563.02204209605 3.66462694381114
1564.12217673837 3.57945647934922
1565.22231138069 3.53200479431952
1566.32244602301 3.5196950589526
1567.42258066533 3.53945456623503
1568.52271530765 3.5886251087375
1569.62284994998 3.66365391070171
1570.7229845923 3.75909263909275
1571.82311923462 3.87014975636668
1572.92325387694 3.99053996781182
1574.02338851926 4.11498564170304
1575.12352316158 4.23834279449085
1576.2236578039 4.35611067013814
1577.32379244622 4.46571506297713
1578.42392708854 4.56441292682401
1579.52406173087 4.64983709307492
1580.62419637319 4.71903623892322
1581.72433101551 4.76743094110106
1582.82446565783 4.79053862375539
1583.92460030015 4.7828516286985
1585.02473494247 4.73991630551784
1586.12486958479 4.65925304694429
1587.22500422711 4.54086762947893
1588.32513886943 4.38785217820205
1589.42527351176 4.20666968380877
1590.52540815408 4.0052873970574
1591.6255427964 3.794599675904
1592.72567743872 3.58593060672742
1593.82581208104 3.3887862927494
1594.92594672336 3.21290320734029
1596.02608136568 3.06418901304069
1597.126216008 2.94671153158624
1598.22635065033 2.86115222309123
1599.32648529265 2.80607483239042
1600.42661993497 2.77836276704711
1601.52675457729 2.77362706394163
1602.62688921961 2.78580406770313
1603.72702386193 2.80913984219117
1604.82715850425 2.8380428193463
1605.92729314657 2.86649272557215
1607.02742778889 2.88984286185069
1608.12756243122 2.90307984119137
1609.22769707354 2.90287534974672
1610.32783171586 2.88563937042379
1611.42796635818 2.84854339240903
1612.5281010005 2.78987581427093
1613.62823564282 2.70875109486097
1614.72837028514 2.60515793420499
1615.82850492746 2.48053091636497
1616.92863956979 2.3377577019215
1618.02877421211 2.18084666651688
1619.12890885443 2.0152779105147
1620.22904349675 1.84593749228106
1621.32917813907 1.67885424671285
1622.42931278139 1.51871884422798
1623.52944742371 1.36909608660914
1624.62958206603 1.23290206879533
1625.72971670835 1.11111923991586
1626.82985135068 1.00378158524932
1627.929985993 0.909811360026079
1629.03012063532 0.827345282571541
1630.13025527764 0.754313019388225
1631.23038991996 0.688798978374428
1632.33052456228 0.629109499786399
1633.4306592046 0.574249124193743
1634.53079384692 0.523583441453294
1635.63092848924 0.476894188300974
1636.73106313157 0.434349079589833
1637.83119777389 0.396228781630313
1638.93133241621 0.362862301500545
1640.03146705853 0.33440612748849
1641.13160170085 0.3108369111602
1642.23173634317 0.291900503958527
1643.33187098549 0.277146049736037
1644.43200562781 0.266032094621261
1645.53214027014 0.257840160871863
1646.63227491246 0.251852950245904
1647.73240955478 0.247498722904035
1648.8325441971 0.244200524324017
1649.93267883942 0.24160924660346
1651.03281348174 0.239449998788574
1652.13294812406 0.237634180382375
1653.23308276638 0.236142561872941
1654.3332174087 0.23501081636386
1655.43335205103 0.234298695851445
1656.53348669335 0.234010653556157
1657.63362133567 0.234103556087125
1658.73375597799 0.234448352339403
1659.83389062031 0.234840512146868
1660.93402526263 0.23507060503894
1662.03415990495 0.234933785791849
1663.13429454727 0.234300930801772
1664.23442918959 0.233152638809165
1665.33456383192 0.231602443817894
1666.43469847424 0.229886701447174
1667.53483311656 0.228358761948424
1668.63496775888 0.227386047054835
1669.7351024012 0.227358615482361
1670.83523704352 0.228617602379547
1671.93537168584 0.231385869981389
1673.03550632816 0.23578338080985
1674.13564097049 0.241780900690622
1675.23577561281 0.249198801129459
1676.33591025513 0.257790652801914
1677.43604489745 0.267213818303818
1678.53617953977 0.277095417872512
1679.63631418209 0.287107588231086
1680.73644882441 0.296907256649801
1681.83658346673 0.306248664375718
1682.93671810905 0.314973361074976
1684.03685275138 0.322991002737349
1685.1369873937 0.33032224817822
1686.23712203602 0.337040870439684
1687.33725667834 0.34327055921742
1688.43739132066 0.349137001110025
1689.53752596298 0.354741506805441
1690.6376606053 0.360145352570706
1691.73779524762 0.365305884317183
1692.83792988995 0.370103750292184
1693.93806453227 0.374305042258659
1695.03819917459 0.377559003753227
1696.13833381691 0.379482169537894
1697.23846845923 0.379652642581932
1698.33860310155 0.377753260049315
1699.43873774387 0.373549501236506
1700.53887238619 0.366976207924672
1701.63900702851 0.35818322523787
1702.73914167084 0.347546549816505
1703.83927631316 0.335494970618833
1704.93941095548 0.322602109575278
1706.0395455978 0.309409440065644
1707.13968024012 0.296396373601436
1708.23981488244 0.28392130908466
1709.33994952476 0.272162332242715
1710.44008416708 0.261241705780862
1711.5402188094 0.251145817738994
1712.64035345173 0.241809469554151
1713.74048809405 0.233156459730154
1714.84062273637 0.225105615924319
1715.94075737869 0.217568101621977
1717.04089202101 0.210458112143852
1718.14102666333 0.203666188831193
1719.24116130565 0.197074801511639
1720.34129594797 0.190563433225009
1721.4414305903 0.184021490738125
1722.54156523262 0.177377802480056
1723.64169987494 0.170621177034939
1724.74183451726 0.163819179444693
1725.84196915958 0.157086818010924
1726.9421038019 0.150636175570306
1728.04223844422 0.144687014604327
1729.14237308654 0.139494260850406
1730.24250772886 0.135262568460387
1731.34264237119 0.132161168628704
1732.44277701351 0.130316027439611
1733.54291165583 0.129756585985603
1734.64304629815 0.130428384312803
1735.74318094047 0.132222273085137
1736.84331558279 0.134926963673996
1737.94345022511 0.138258125310033
1739.04358486743 0.14194272242518
1740.14371950976 0.145664388754246
1741.24385415208 0.149180243770481
1742.3439887944 0.15230059619084
1743.44412343672 0.154959873762938
1744.54425807904 0.157243159121135
1745.64439272136 0.159370456191999
1746.74452736368 0.16163489067958
1747.844662006 0.164396182482765
1748.94479664832 0.167991729107432
1750.04493129065 0.172653241391825
1751.14506593297 0.178502885774483
1752.24520057529 0.185490707028786
1753.34533521761 0.193472969369074
1754.44546985993 0.202267352161571
1755.54560450225 0.211771980694548
1756.64573914457 0.222064699754979
1757.74587378689 0.233413967777638
1758.84600842921 0.246353269189445
1759.94614307154 0.261568592454381
1761.04627771386 0.279737370102136
1762.14641235618 0.30133821275411
1763.2465469985 0.32647685030169
1764.34668164082 0.354576447677937
1765.44681628314 0.38467964241302
1766.54695092546 0.415160233273582
1767.64708556778 0.44419312503604
1768.74722021011 0.470080449283372
1769.84735485243 0.491286511975091
1770.94748949475 0.506989960555437
1772.04762413707 0.517064738513847
1773.14775877939 0.522167133585176
1774.24789342171 0.523574081029338
1775.34802806403 0.522907509779882
1776.44816270635 0.521611045262592
1777.54829734867 0.520905732568536
1778.648431991 0.521326114752219
1779.74856663332 0.522761539826632
1780.84870127564 0.52449106274555
1781.94883591796 0.52546773427851
1783.04897056028 0.524492493070812
1784.1491052026 0.520567812692146
1785.24923984492 0.513140230344622
1786.34937448724 0.502223453241809
1787.44950912957 0.488321985818442
1788.54964377189 0.472414743718179
1789.64977841421 0.455598885279985
1790.74991305653 0.439003085829508
1791.85004769885 0.423609321062203
1792.95018234117 0.40994852229733
1794.05031698349 0.39823240216339
1795.15045162581 0.388231425459249
1796.25058626813 0.379398997468
1797.35072091046 0.371029548537329
1798.45085555278 0.362392972134766
1799.5509901951 0.352786013097121
1800.65112483742 0.34174377447712
1801.75125947974 0.329016866526088
1802.85139412206 0.314597450842864
1803.95152876438 0.298682093827067
1805.0516634067 0.281737406032129
1806.15179804902 0.264315353621206
1807.25193269135 0.247131155227049
1808.35206733367 0.230806849537756
1809.45220197599 0.215936960249544
1810.55233661831 0.203032904054715
1811.65247126063 0.192359539578476
1812.75260590295 0.18402259562192
1813.85274054527 0.177975844898117
1814.95287518759 0.173964740712026
1816.05300982992 0.171597605767012
1817.15314447224 0.170460292389745
1818.25327911456 0.170025431981514
1819.35341375688 0.169846637407098
1820.4535483992 0.169436451622839
1821.55368304152 0.168394254580883
1822.65381768384 0.166446820904214
1823.75395232616 0.163372487078181
1824.85408696848 0.159071604183641
1825.95422161081 0.153564695899562
1827.05435625313 0.146963270375458
1828.15449089545 0.13944885743414
1829.25462553777 0.131317722840922
1830.35476018009 0.122870605716652
1831.45489482241 0.114479686126768
1832.55502946473 0.106440072557777
1833.65516410705 0.0990451121309167
1834.75529874937 0.0925328186924133
1835.8554333917 0.0870301008625717
1836.95556803402 0.0825996954292845
1838.05570267634 0.0792277091370285
1839.15583731866 0.076830397159929
1840.25597196098 0.0752658557720109
1841.3561066033 0.0743643135249157
1842.45624124562 0.0739211230583195
1843.55637588794 0.0737713742321633
1844.65651053027 0.0737394418753183
1845.75664517259 0.0736961087390954
1846.85677981491 0.0735539972668488
1847.95691445723 0.073238349485475
1849.05704909955 0.0727155070117344
1850.15718374187 0.0719663988259724
1851.25731838419 0.0709845466565747
1852.35745302651 0.0697750287066117
1853.45758766883 0.0683484442616154
1854.55772231116 0.0667178568556681
1855.65785695348 0.0649117294331281
1856.7579915958 0.0629627284436047
1857.85812623812 0.060917380901943
1858.95826088044 0.0588482720346027
1860.05839552276 0.0568217848357959
1861.15853016508 0.0549232214901012
1862.2586648074 0.0532319174797689
1863.35879944973 0.0518169332560126
1864.45893409205 0.0507300561229029
1865.55906873437 0.0499947385275735
1866.65920337669 0.0496114727742541
1867.75933801901 0.049553313589719
1868.85947266133 0.0497620638602314
1869.95960730365 0.0501519723870406
1871.05974194597 0.0506395718353571
1872.15987658829 0.0511197428983102
1873.26001123062 0.051504566050739
1874.36014587294 0.0517136396380068
1875.46028051526 0.0516932918095976
1876.56041515758 0.0514144544522726
1877.6605497999 0.0508658215186386
1878.76068444222 0.0500603121192586
1879.86081908454 0.0490306030429302
1880.96095372686 0.0478197961889112
1882.06108836918 0.0464711193916839
1883.16122301151 0.0450419475777565
1884.26135765383 0.0435800416754341
1885.36149229615 0.0421423232603618
1886.46162693847 0.0407729793707651
1887.56176158079 0.0395180664076307
1888.66189622311 0.0384242266159125
1889.76203086543 0.0375251424460064
1890.86216550775 0.036854032088361
1891.96230015008 0.0364363117240723
1893.0624347924 0.0362852522719022
1894.16256943472 0.0364048886718662
1895.26270407704 0.0367874861352607
1896.36283871936 0.0374083684315977
1897.46297336168 0.0382355910795742
1898.563108004 0.0392201887943106
1899.66324264632 0.0403107479095889
1900.76337728864 0.0414589521618049
1901.86351193097 0.042617603989738
1902.96364657329 0.0437549207472955
1904.06378121561 0.0448489360180357
1905.16391585793 0.0458914797100723
1906.26405050025 0.0468872843569151
1907.36418514257 0.0478412519463398
1908.46431978489 0.0487602362664242
1909.56445442721 0.0496368164381086
1910.66458906953 0.0504544898381185
1911.76472371186 0.0511797928972855
1912.86485835418 0.0517661034977115
1913.9649929965 0.0521675995505867
1915.06512763882 0.052340259545607
1916.16526228114 0.0522537689638546
1917.26539692346 0.0518990709562293
1918.36553156578 0.0512949243380823
1919.4656662081 0.050483979122227
1920.56580085043 0.0495372331986502
1921.66593549275 0.048525178528502
1922.76607013507 0.0475297811542457
1923.86620477739 0.0466177559709064
1924.96633941971 0.0458333447116741
1926.06647406203 0.0452019545721767
1927.16660870435 0.0447211541674496
1928.26674334667 0.0443677037152159
1929.36687798899 0.0441019249288604
1930.46701263132 0.0438772798645231
1931.56714727364 0.0436484748843016
1932.66728191596 0.0433836095935106
1933.76741655828 0.0430622842599405
1934.8675512006 0.0426831356295619
1935.96768584292 0.0422607674888206
1937.06782048524 0.0418257514044273
1938.16795512756 0.0414124814344733
1939.26808976989 0.0410618360980526
1940.36822441221 0.0408100099975008
1941.46835905453 0.0406839106000798
1942.56849369685 0.040697134489635
1943.66862833917 0.0408483509588463
1944.76876298149 0.0411191915367416
1945.86889762381 0.0414802569009666
1946.96903226613 0.0418879910105245
1948.06916690845 0.0422859811104851
1949.16930155078 0.0426240148088297
1950.2694361931 0.0428451784846245
1951.36957083542 0.0429067931969524
1952.46970547774 0.0427788709915472
1953.56984012006 0.042450978362936
1954.66997476238 0.041932027395438
1955.7701094047 0.04125019762716
1956.87024404702 0.040445247190292
1957.97037868934 0.0395718561910706
1959.07051333167 0.0386879309800402
1960.17064797399 0.0378408883921487
1961.27078261631 0.0370773156669526
1962.37091725863 0.0364231308519026
1963.47105190095 0.0358943860848485
1964.57118654327 0.0354914629687962
1965.67132118559 0.0352077509116742
1966.77145582791 0.0350336774871596
1967.87159047024 0.0349583210802345
1968.97172511256 0.0349696846306191
1970.07185975488 0.0350585447928453
1971.1719943972 0.0352159099030396
1972.27212903952 0.0354273379403541
1973.37226368184 0.0356771331284193
1974.47239832416 0.0359400794104225
1975.57253296648 0.036192194618316
1976.6726676088 0.0364040004335145
1977.77280225113 0.0365484370999839
1978.87293689345 0.0366064982340973
1979.97307153577 0.0365652241796811
1981.07320617809 0.0364224045816861
1982.17334082041 0.036189238211061
1983.27347546273 0.0358863329576945
1984.37361010505 0.0355393155646134
1985.47374474737 0.0351811062379311
1986.5738793897 0.0348402269004451
1987.67401403202 0.0345466893785769
1988.77414867434 0.0343242049016114
1989.87428331666 0.0341582935837971
1990.97441795898 0.0340989666393298
1992.0745526013 0.034125344643877
1993.17468724362 0.0342141863952692
1994.27482188594 0.0343537058439163
1995.37495652826 0.0345105545514537
1996.47509117059 0.0346617609539305
1997.57522581291 0.0347859581504747
1998.67536045523 0.0348753155013179
1999.77549509755 0.0349215158353205
2000.87562973987 0.0349245826284958
2001.97576438219 0.0348862647176434
2003.07589902451 0.0348089151824997
2004.17603366683 0.0346865874066552
2005.27616830915 0.0344846285007144
2006.37630295148 0.0342183736053046
2007.4764375938 0.0339001226574966
2008.57657223612 0.0335636190333784
2009.67670687844 0.0332513205940881
2010.77684152076 0.0329770800729224
2011.87697616308 0.0327895838213448
2012.9771108054 0.0326733836861936
2014.07724544772 0.0326488251224946
2015.17738009005 0.0326715150722118
2016.27751473237 0.032725374963275
2017.37764937469 0.0327736560986438
2018.47778401701 0.032731430127282
2019.57791865933 0.0326383595220098
2020.67805330165 0.032456397129883
2021.77818794397 0.0321482015975931
2022.87832258629 0.0317451919252699
2023.97845722861 0.0312088557662493
2025.07859187094 0.0306193279801642
2026.17872651326 0.0299140531210794
2027.27886115558 0.0291959118934511
2028.3789957979 0.0284235483253748
2029.47913044022 0.0275525556813269
2030.57926508254 0.0267239286187027
2031.67939972486 0.0259010768432982
2032.77953436718 0.0251003362544429
2033.87966900951 0.0243837286812501
2034.97980365183 0.0237464228219772
2036.07993829415 0.0232706069011066
2037.18007293647 0.0228756534192261
2038.28020757879 0.0226967659466108
2039.38034222111 0.0225753011550319
2040.48047686343 0.0224889665152564
2041.58061150575 0.0225402664841185
2042.68074614807 0.022572896247147
2043.7808807904 0.022580768689451
2044.88101543272 0.0225446956222011
2045.98115007504 0.0224747140831574
2047.08128471736 0.0223565046785768
2048.18141935968 0.0222153887395403
2049.281554002 0.0221508683028928
2050.38168864432 0.0220235927391246
2051.48182328664 0.0218663073795973
2052.58195792896 0.0218145142176694
2053.68209257129 0.0216540775637823
2054.78222721361 0.0215254733832335
2055.88236185593 0.0213495877103234
2056.98249649825 0.0211752194342196
2058.08263114057 0.0210380679172248
2059.18276578289 0.0209775991543057
2060.28290042521 0.0211058224739032
2061.38303506753 0.0212766091132361
2062.48316970985 0.021611245954929
2063.58330435218 0.0220123458848526
2064.6834389945 0.0224631847482933
2065.78357363682 0.0230933479985504
2066.88370827914 0.023673556939831
2067.98384292146 0.0241797178179842
2069.08397756378 0.0245450550646897
2070.1841122061 0.024773342942171
2071.28424684842 0.0248064370818067
2072.38438149075 0.0247016050662877
2073.48451613307 0.0245788021418035
2074.58465077539 0.0242994419729687
2075.68478541771 0.0239690977665533
2076.78492006003 0.0237472636075262
2077.88505470235 0.0234203475371684
2078.98518934467 0.0231827417133642
2080.08532398699 0.0228810327889335
2081.18545862931 0.0225992185543441
2082.28559327164 0.0222801871330023
2083.38572791396 0.0219577227370899
2084.48586255628 0.0216851998727696
2085.5859971986 0.021296344285508
2086.68613184092 0.020913033054558
2087.78626648324 0.0205693027237414
2088.88640112556 0.0201852295002963
2089.98653576788 0.0198798701382931
2091.0866704102 0.0195479007083174
2092.18680505253 0.0193152606922379
2093.28693969485 0.0190945911965543
2094.38707433717 0.0189713155977811
2095.48720897949 0.0189045353792691
2096.58734362181 0.0187675959557688
2097.68747826413 0.0186804826834794
2098.78761290645 0.0185982307490859
2099.88774754877 0.0184687068060952
2100.9878821911 0.0183669052421113
2102.08801683342 0.0182204794841846
2103.18815147574 0.0182070632652865
2104.28828611806 0.0182063261927485
2105.38842076038 0.0183894132309817
2106.4885554027 0.0186778924296997
2107.58869004502 0.0189691643298659
2108.68882468734 0.0193787948353061
2109.78895932966 0.0197805162027813
2110.88909397199 0.0200774455346982
2111.98922861431 0.0202865299581269
2113.08936325663 0.0203624859266368
2114.18949789895 0.0203414228335801
2115.28963254127 0.0202185599153918
2116.38976718359 0.0201832125505045
2117.48990182591 0.0201300147912904
2118.59003646823 0.0200567966090129
2119.69017111056 0.0201710138497269
2120.79030575288 0.0202806743848461
2121.8904403952 0.0204582312164694
2122.99057503752 0.020647518897528
2124.09070967984 0.0208059550202965
2125.19084432216 0.0209499066799712
2126.29097896448 0.0210063980360376
2127.3911136068 0.0211233657111912
2128.49124824912 0.021087142435538
2129.59138289145 0.0209634159484316
2130.69151753377 0.0208689590082744
2131.79165217609 0.02063802359324
2132.89178681841 0.0204068780577896
2133.99192146073 0.0201031092025837
2135.09205610305 0.0197866406036627
2136.19219074537 0.0194700257318719
2137.29232538769 0.0192107002204964
2138.39246003001 0.0190647839093319
2139.49259467234 0.0189105811131817
2140.59272931466 0.0188375323811173
2141.69286395698 0.0188051051107782
2142.7929985993 0.018767458036585
2143.89313324162 0.0188874990818876
2144.99326788394 0.0189507256677524
2146.09340252626 0.019067980257165
2147.19353716858 0.019166233742004
2148.29367181091 0.019248251724096
2149.39380645323 0.0193376812611643
2150.49394109555 0.0194178195684847
2151.59407573787 0.0195969306605017
2152.69421038019 0.0196826798540156
2153.79434502251 0.0197601918213241
2154.89447966483 0.0198974953452669
2155.99461430715 0.0199434309357177
2157.09474894947 0.0200304348904413
2158.1948835918 0.0200595121814738
2159.29501823412 0.0201093331212821
2160.39515287644 0.0201630768640891
2161.49528751876 0.0202745611753704
2162.59542216108 0.0204556348014038
2163.6955568034 0.020572774826904
2164.79569144572 0.0207183758664448
2165.89582608804 0.0208990911046295
2166.99596073036 0.0209855419899368
2168.09609537269 0.0210955240700935
2169.19623001501 0.0210831822876369
2170.29636465733 0.0211304887339712
2171.39649929965 0.0211164450259593
2172.49663394197 0.0211607906387159
2173.59676858429 0.0212500970382797
2174.69690322661 0.0212572398935359
2175.79703786893 0.0213182953533173
2176.89717251126 0.0213673871168979
2177.99730715358 0.0213510912692511
2179.0974417959 0.021343956437152
2180.19757643822 0.021271631401778
2181.29771108054 0.0212515848859851
2182.39784572286 0.0212150141896948
2183.49798036518 0.0212975908742685
2184.5981150075 0.0214257870302841
2185.69824964982 0.0214659081256844
2186.79838429215 0.0215938384732178
2187.89851893447 0.0216543099290215
2188.99865357679 0.0216116004069552
2190.09878821911 0.0214681879466228
2191.19892286143 0.0211724335836682
2192.29905750375 0.020832477402021
2193.39919214607 0.0203586759923623
2194.49932678839 0.0200094385842059
2195.59946143072 0.0195994961519485
2196.69959607304 0.01856623118961
2197.79973071536 0.0186945084195198
2198.89986535768 0.0203068879515036
2200 0.0231379056466646
