2.988072692752e-02  2.759373071896e-20  0.000000000000e+00  0.000000000000e+00  1.883651567309e-02  2.630376264472e-01
0.000000000000e+00  0.000000000000e+00  2.988072692752e-02  -2.759373071896e-20  1.883651567309e-02  -2.630376264472e-01
0.000000000000e+00  -2.759373071896e-20  0.000000000000e+00  0.000000000000e+00  1.883651567309e-02  -2.630376264472e-01
0.000000000000e+00  0.000000000000e+00  0.000000000000e+00  2.759373071896e-20  1.883651567309e-02  2.630376264472e-01
-6.309922539817e-05  -0.000000000000e+00  0.000000000000e+00  0.000000000000e+00  4.115194195388e-02  0.000000000000e+00
0.000000000000e+00  0.000000000000e+00  -6.309922539817e-05  0.000000000000e+00  4.115194195388e-02  -0.000000000000e+00
-1.254686130378e-04  0.000000000000e+00  0.000000000000e+00  0.000000000000e+00  8.395709955962e-02  0.000000000000e+00
0.000000000000e+00  0.000000000000e+00  -1.254686130378e-04  -0.000000000000e+00  8.395709955962e-02  -0.000000000000e+00
-2.399682701659e-04  -0.000000000000e+00  0.000000000000e+00  0.000000000000e+00  1.410853985712e-01  0.000000000000e+00
0.000000000000e+00  0.000000000000e+00  -2.399682701659e-04  0.000000000000e+00  1.410853985712e-01  -0.000000000000e+00
-3.511971672065e-04  -0.000000000000e+00  0.000000000000e+00  0.000000000000e+00  2.362036299846e-01  0.000000000000e+00
0.000000000000e+00  0.000000000000e+00  -3.511971672065e-04  0.000000000000e+00  2.362036299846e-01  -0.000000000000e+00
-3.127085883857e-04  0.000000000000e+00  0.000000000000e+00  0.000000000000e+00  4.023697277648e-01  0.000000000000e+00
0.000000000000e+00  0.000000000000e+00  -3.127085883857e-04  -0.000000000000e+00  4.023697277648e-01  -0.000000000000e+00
-1.710053203736e-04  -0.000000000000e+00  0.000000000000e+00  0.000000000000e+00  7.089265428212e-01  0.000000000000e+00
0.000000000000e+00  0.000000000000e+00  -1.710053203736e-04  0.000000000000e+00  7.089265428212e-01  -0.000000000000e+00
-7.084232676366e-05  0.000000000000e+00  0.000000000000e+00  0.000000000000e+00  1.343396779556e+00  0.000000000000e+00
0.000000000000e+00  0.000000000000e+00  -7.084232676366e-05  -0.000000000000e+00  1.343396779556e+00  -0.000000000000e+00
-2.196119776690e-05  0.000000000000e+00  0.000000000000e+00  0.000000000000e+00  4.128546311445e+00  0.000000000000e+00
0.000000000000e+00  0.000000000000e+00  -2.196119776690e-05  -0.000000000000e+00  4.128546311445e+00  -0.000000000000e+00
