==============================================
 Frequencies [cm^-1]     Coefficients [cm^-1]
==============================================
-6.000000000000e+02      5.894233633357e+00
-4.792396198099e+02      1.190736976027e+01
-3.992996498249e+02      2.117398850601e+01
-3.295647823912e+02      4.371910664021e+01
-2.878939469735e+02      4.826189673566e+01
-2.419709854927e+02      4.453396962520e+01
-2.011505752876e+02      3.277367227684e+01
-1.458729364682e+02      3.245179066102e+01
-7.868934467234e+01      2.963283505038e+01
-1.150575287644e+01      3.521943101828e+01
9.054527263632e+01      4.772439717279e+01
1.815407703852e+02      6.258585559014e+01
2.538269134567e+02      9.795126579645e+01
2.937968984492e+02      8.787921421713e+01
3.414207103552e+02      9.429056139338e+01
4.103051525763e+02      4.627773375853e+01
4.910955477739e+02      3.677713502561e+01
5.803901950975e+02      8.766646153233e+00
6.237618809405e+02      2.253810256263e+01
7.530265132566e+02      1.500812925324e+01
8.372186093047e+02      8.947229261595e+00
9.231115557779e+02      9.728051496499e+00
1.007303651826e+03      6.763058498194e+00
1.091495747874e+03      7.149661450204e+00
