==============================================
 Frequencies [cm^-1]     Coefficients [cm^-1]
==============================================
-5.614807403702e+02      5.134688106887e+00
-4.788394197099e+02      1.199468289890e+01
-3.989994997499e+02      1.980322893112e+01
-3.296648324162e+02      4.753548254079e+01
-2.876438219110e+02      3.900116422510e+01
-2.414207103552e+02      5.658470649625e+01
-1.454727363682e+02      3.993061496148e+01
-7.893946973487e+01      2.473530514557e+01
-1.100550275138e+01      3.708330145167e+01
9.054527263632e+01      4.671062985330e+01
1.815907953977e+02      6.411474452439e+01
2.544272136068e+02      9.596044247629e+01
2.936468234117e+02      9.069656227880e+01
3.412706353177e+02      9.208517440114e+01
4.106053026513e+02      4.901291750936e+01
4.918459229615e+02      3.407830387270e+01
5.807903951976e+02      2.063096249579e+01
6.683341670835e+02      1.801259648897e+01
7.537768884442e+02      6.860243061863e+00
8.000000000000e+02      1.249913208861e+01
