    Frequencies       Coefficients (phys)    Coefficients (tilde)
------------------------------------------------------------
-3.993498374594e+02    2.486646656018e+01    6.478963854766e+01
-3.298324581145e+02    3.978615364278e+01    8.774584203260e+01
-2.878219554889e+02    4.983486007098e+01    9.937501241395e+01
-2.418104526132e+02    5.090726616380e+01    9.090889159032e+01
-1.457864466117e+02    4.409984456263e+01    6.255502306721e+01
-7.876969242311e+01    1.611839971530e+01    1.946948067128e+01
-1.125281320330e+01    4.028703697534e+01    4.138893466452e+01
9.027256814204e+01    4.440361689587e+01    3.576074517134e+01
1.817954488622e+02    6.750406528565e+01    4.365201055669e+01
2.543135783946e+02    8.883268095833e+01    4.827531969767e+01
2.938234558640e+02    1.002173874085e+02    4.953920501938e+01
3.413353338335e+02    8.579157119314e+01    3.784170447754e+01
4.103525881470e+02    5.302923295345e+01    1.982281672791e+01
4.913728432108e+02    3.143754275212e+01    9.676590963081e+00
5.808952238060e+02    2.313661830584e+01    5.745702649085e+00
6.684171042761e+02    1.518646063195e+01    3.057402887666e+00
7.534383595899e+02    1.357391259329e+01    2.228733770570e+00
