   100   280.0     50.
   216   188.352   50.
   234     7.956   50.
   358     8.592   50. 
   392     0.784   50.
   410     9.020   50.
   434     3.038   50. 
   478    43.498   50.
   539    95.403   50.
   573   245.817   50. 
   576    14.976   50.
   708     3.540   50.
   724    47.060   50.
   831    22.453   50.
   883     0.884   50.
   979   169.370   50.
  1044     2.089   50.
  1082     3.249   50.
  1106    11.718   50.  
  1184     3.555   50.
  1215     6.078   50.
  1229   127.860   50.
  1253     2.508   50.
  1309    98.241   50.
  1316   346.337   50.
  1333   781.238   50.
  1383    16.596   50.
  1396   399.508   50.
  1415   554.793   50.
  1453   104.651   50.
  1481   337.784   50.
  1494     1.495   50.
  1507    55.767   50.
  1565     3.131   50.
  1609   790.215   50.
  1626   582.330   50.
  1653    11.574   50.