8.49777465928362	0.00209839456112723
15.4513427497229	3.66909908987583
20.4898687846897	14.1147112919770
22.8596646011769	67.7804357176851
23.9803559886179	44.9039325047759
27.6171201658878	74.2184248080058
30.6612616704484	0.389992729241123
46.2911773992492	0.0142290250121303
51.2407127579906	5.20170606300722
59.4123367546425	0.0223572227262166
60.2663597884055	2.11347764369694
70.0348245060938	0.000774327407707429
93.1798692447634	12.0814831543326
94.1356315429523	0.325185224732357
111.291728598136	0.189323022656601
114.918983870749	3.60686503909369
115.772056694260	2.59361726911044
117.705282671010	0.256773191695732
122.739694447961	17.0297917405888
125.839969744208	0.471362696047462
126.871237265692	1.39617580343575
133.706586481899	1.89458579368096
134.711356762242	1.44957208396937
150.127030282459	45.6392691900452
154.686312518401	0.0983782911189354
160.058239572277	4.20693447508439
167.451024271020	0.156694882215113
181.508806411946	0.458012338771740
191.990616531612	15.8769625706830
206.693257771706	0.0109066950831067
214.349270520599	0.00258537810338405
219.638473563822	0.605238145954475
245.107176103576	0.00381172762308580
255.275529035778	4.17861807577439
267.048735352939	8.81487196390119
274.139283414890	0.00935733524214821
284.128067573526	36.3485553339815
294.458844259316	0.497126664415051
296.277166131053	4.43428854269222
298.251799666263	0.000800760409363008
306.045827038549	7.78352482523601
321.060719971662	0.00544160228894558
372.573588599049	6.94522869974339
377.776558446495	0.00262208703611648
382.332619725467	0.0334031203104804
402.512946488721	90.8836748963044
410.666586083849	0.987436608432281
431.935490234865	0.424830714052465
432.693014387295	2.82634528572108
433.812791966415	0.0194540993249394
436.077239080735	2.28971912174568
437.034648238998	0.379530306868320
439.413486857667	5.66475726138200
440.468834677372	9.21583590738571
442.379762278894	0.260927786057938
444.571979839669	48.3720290344470
457.678160091854	7.38946327497919
459.592230646754	21.0670453437468
462.135749760592	0.987335170402694
465.879264012021	0.197935840412680
467.208365933029	0.0707005213308848
501.351081709895	0.0540816592606003
503.787426848041	0.00842231490270621
526.826458284165	0.0118240414748041
529.718739251437	0.0201459151347453
531.936492125592	9.81117340930173
533.811494312763	0.00581006168898505
561.897000351008	0.0302057611647091
572.001332029905	101.995772986960
575.774501957659	0.166959990788734
578.126337715126	0.118062908471818
580.387091927842	0.000282662330390682
582.542125825961	3.99883458169741
585.030087439230	0.846992015679081
585.850234564508	2.92295591949623
590.039652195667	28.9382416272028
594.510582957408	0.0394086503786672
596.579090246655	0.0244171526824951
614.772237432754	0.00288434414613787
619.244394961403	0.824019444014407
621.972293079775	0.00936935587833033
623.452402611631	0.875074585521220
624.769994668153	0.000144398634479574
627.136508172010	0.000340161297401176
639.389409019360	5.52961206887260e-05
641.846630683205	0.0828164771724876
675.588241515501	2.11689846765304
697.384967187279	3.63360264798313
698.474645558771	0.000776986746970845
719.368711553081	0.00230805249671498
735.684623569923	0.0239710950955077
739.451363274052	0.0145807776196089
741.308534986262	0.0440264919040383
742.813333252185	3.15723207439865
743.135349329491	1.43866183594583
748.416718310477	0.0231490139930756
762.536909819087	0.168992064008543
764.804977742663	1.39536656565888
765.155331113201	2.60030400018262
766.168319884411	0.126714324701851
766.790810559789	3.33211656364120
768.001270449540	1.31680773688698
770.745909689012	0.0294923833992717
776.273167534610	1.23291140713983
776.370597918944	0.261195435555148
780.591476911636	0.00319699714259558
781.883277213385	0.00252682133061184
783.196148227782	5.63177922665617
787.257245498796	0.0609801248869854
788.642938140851	0.0214078953248887
789.789222628251	8.55240701481444e-06
793.042797910695	0.964643658559436
793.415256763103	0.276481167951139
833.772272640170	0.103608403977913
877.715053004899	0.0474153024770414
880.470043913646	0.200457579903109
884.673284369498	0.000401437862164685
888.583300035638	1.89541871126980
890.146634549963	0.0490782962408422
891.325391741084	1.80341486609062
895.846944433276	0.0129067303847587
903.111989463257	0.0183544970474997
917.205360592144	0.000882910761952097
923.623712225589	4.10199881717731
926.944838808426	3.85166686340450
931.084757774537	0.00266507213543172
944.824678238606	7.42275637037822e-06
962.888607191257	0.0119706933882641
964.115418478127	0.0132548548349096
966.187185586663	0.292893464522626
967.234657428297	0.347322897203760
967.662520809402	0.0951590240628101
968.397503095883	0.00621310801850924
972.296590053600	0.00441971925916751
974.901870551498	0.0129571896051922
978.241868691384	0.000963889464360661
1003.62846301219	0.0132953288782230
1003.90812857685	0.0640762286890081
1004.98145200750	0.00601455479461866
1005.65868251642	0.000852478669883540
1007.12391713074	0.0902578550560615
1007.28021380176	0.00421439716737469
1010.48562768771	0.290979750848453
1011.69916654274	0.00946937656772252
1022.25878802946	0.0161103936055306
1022.85125958350	0.634970554480856
1023.65143126019	0.00556780418718521
1026.83207241764	0.000180861336125127
1045.70246877436	10.9858184536930
1052.09338229518	0.183741881214825
1053.16844494819	2.00080968235986
1056.67937434053	0.725117306340578
1057.20842066331	1.20249593498010
1057.79340903922	2.29501678957001
1058.69245579643	0.546507842774554
1060.63412196759	0.546566349391882
1060.95326077193	1.04569549248894
1088.85843810464	7.12188461181415e-05
1103.65841858130	0.463501491179321
1132.29357499369	0.000384909856346367
1132.60359079917	0.0615391367894178
1139.49803450724	0.00844335795648555
1142.17891321336	0.0620248263695901
1147.54671377319	0.00227017574242873
1149.62616565911	2.97097428090494
1155.10677479931	3.89032748750022e-05
1164.17282263584	0.00370085052377018
1171.00037305086	0.00382264441366416
1171.91567282915	0.000349420711643130
1174.37707383759	0.117130705480091
1174.59458160681	0.00311896942586146
1176.28485147715	0.0461290866059304
1176.95684492222	0.00871940615837535
1178.49904724592	0.00132543280089723
1178.67000066789	1.11114541015787
1216.60164967819	0.728416883317405
1227.18732954328	0.000260804632336678
1236.74366352970	0.000678388292148465
1244.24045568931	4.82513840274049e-06
1249.64873314521	0.00320726781724078
1255.19802694766	0.0281635085738436
1256.92031434029	0.0193102832315485
1258.13612200823	0.610886295778954
1263.27442196173	1.24211841459260e-06
1287.36877561398	26.7079949812194
1302.12968870583	53.7439510135886
1304.08210653639	36.9887412018605
1326.55832346595	0.00454538085704707
1331.78975569906	0.129817657090169
1336.72709936172	0.0217726720032819
1340.55854259530	0.174584619967573
1342.02180118352	0.112497824808073
1343.93061890606	3.54887131501405
1345.42259530958	0.00213635042293258
1346.41426527493	0.702760729229683
1355.82401368659	0.0151823296725885
1360.52670076636	0.780280432295668
1365.55593432857	2.05602526567044
1368.93844249457	6.66602978635966e-05
1370.88907500366	1.20397295173449
1373.87536513665	0.0305579787568525
1375.38570403607	0.000254797933787746
1383.02713459559	0.000455146677485499
1393.23643820653	0.330167692937028
1405.67171303342	0.0768974715015617
1411.25539134064	42.4291534943586
1461.14046567820	17.8226256759186
1475.03837892322	0.0164268588826721
1486.17076655563	1.76264601213471
1488.54992907250	15.8883785736336
1490.23760946651	10.8692016449998
1494.56783343574	0.493231920727213
1496.30416535763	2.93497042851132
1502.41624706820	0.00174062774219026
1503.26768365152	11.3994252243143
1513.59429323718	2.93513016521627
1514.15400557782	3.18999209586006
1520.77937593359	0.0151068031523753
1523.63452191571	5.71755216769768
1526.16924556775	0.0576236806580991
1532.88706109283	0.0128525109503880
1543.80085317268	143.445744948819
1549.12972360862	8.65680526328381
1549.66642155899	0.115272079350169
1550.97647876429	13.0139915105701
1556.35088505967	169.609710038193
1651.88700048164	0.102757717777759
1653.10803207055	3.59569236023584
1653.43503396695	1.45307517131013
1657.82102557595	0.00104326907934284
1660.68744974619	0.114249228835900
1661.72045621311	0.0301309826757163
1662.17794320077	0.731031653362873
1664.20953172283	0.104755611785306
1666.75817686368	0.00252822317682882
1667.34531514282	1.09749439424806
1667.86629154873	0.749089968574974
1680.22758697438	0.0103859947999597
1680.64983340371	0.220217577633462
1681.62871961068	10.0414400188520
1695.77402636195	20.2831675144338
1705.26282445351	18.2424767032828
2324.95528142286	0.00459729452969677
2373.97946355069	94.5011197997646
3219.12778255139	2.57217211675675e-07
3219.96449583733	0.00191900311489304
3220.81113586932	0.00518634043234093
3221.20863564329	0.00157222751732915
3222.42377653519	0.000338153234755082
3222.81581974202	0.000204213064711680
3222.88517346521	4.31452181964272e-05
3224.92756016232	0.00707631663265225
3227.00773405348	0.00116707146588409
3227.67014209457	2.29124674058661e-06
3227.91580402120	0.00493126300723145
3228.18513061825	0.00276116651438270
3229.12133997149	0.0531473126123815
3230.41462613405	0.0468340281353221
3231.43267870273	0.000121560550713556
3233.22028948638	0.000458178499100768
3236.58367724972	0.0148138101581716
3237.55388834915	0.00411871005253351
3238.50656657928	0.00240100570817647
3238.88753288671	0.0320904308456896
3239.39800798729	0.0997731232225344
3240.07613060205	0.000263439997288580
3242.65601508799	0.00372468516966765
3243.77675648706	0.00408910480989298
3244.95579469753	0.000594336090283008
3245.57903427428	0.00680354929194353
3245.86293178477	0.000631578227535616
3246.13010651335	0.000352371134625711
3247.03053140879	0.0485484901833556
3247.95156085272	0.351029968842149
3252.24502342837	0.0111589140634295
3253.72171542148	0.0130880290847112