    0.0000     0.000000e+00     0.000000e+00
    1.0426     2.727670e+00     3.381875e-01
    2.0853     5.964768e+00     7.395358e-01
    3.1279     9.552836e+00     1.184399e+00
    4.1706     1.276894e+01     1.583145e+00
    5.2132     1.558522e+01     1.932318e+00
    6.2559     2.005468e+01     2.486459e+00
    7.2985     2.967634e+01     3.679391e+00
    8.3412     4.615192e+01     5.722100e+00
    9.3838     6.629806e+01     8.219898e+00
   10.4265     8.279117e+01     1.026478e+01
   11.4691     8.906153e+01     1.104221e+01
   12.5118     8.457829e+01     1.048635e+01
   13.5544     7.627409e+01     9.456767e+00
   14.5971     7.480056e+01     9.274073e+00
   15.6397     8.769126e+01     1.087231e+01
   16.6824     1.136735e+02     1.409370e+01
   17.7250     1.426656e+02     1.768825e+01
   18.7677     1.628498e+02     2.019077e+01
   19.8103     1.699852e+02     2.107545e+01
   20.8530     1.705322e+02     2.114326e+01
   21.8956     1.751432e+02     2.171496e+01
   22.9383     1.891275e+02     2.344879e+01
   23.9809     2.099473e+02     2.603011e+01
   25.0236     2.333544e+02     2.893221e+01
   26.0662     2.592745e+02     3.214589e+01
   27.1089     2.894974e+02     3.589305e+01
   28.1515     3.206013e+02     3.974944e+01
   29.1942     3.423674e+02     4.244808e+01
   30.2368     3.451622e+02     4.279458e+01
   31.2795     3.284477e+02     4.072226e+01
   32.3221     3.013822e+02     3.736657e+01
   33.3648     2.759553e+02     3.421404e+01
   34.4074     2.602196e+02     3.226306e+01
   35.4500     2.561154e+02     3.175421e+01
   36.4927     2.601508e+02     3.225454e+01
   37.5353     2.651443e+02     3.287365e+01
   38.5780     2.647497e+02     3.282472e+01
   39.6206     2.606377e+02     3.231491e+01
   40.6633     2.657948e+02     3.295431e+01
   41.7059     2.972769e+02     3.685758e+01
   42.7486     3.618896e+02     4.486852e+01
   43.7912     4.473737e+02     5.546718e+01
   44.8339     5.276882e+02     6.542490e+01
   45.8765     5.779374e+02     7.165499e+01
   46.9192     5.872727e+02     7.281241e+01
   47.9618     5.627044e+02     6.976635e+01
   49.0045     5.245737e+02     6.503875e+01
   50.0471     4.968652e+02     6.160333e+01
   51.0898     4.952824e+02     6.140710e+01
   52.1324     5.186028e+02     6.429844e+01
   53.1751     5.504450e+02     6.824638e+01
   54.2177     5.717444e+02     7.088716e+01
   55.2604     5.732554e+02     7.107450e+01
   56.3030     5.567612e+02     6.902948e+01
   57.3457     5.271021e+02     6.535222e+01
   58.3883     4.882044e+02     6.052954e+01
   59.4310     4.488804e+02     5.565399e+01
   60.4736     4.270656e+02     5.294931e+01
   61.5163     4.392711e+02     5.446259e+01
   62.5589     4.816032e+02     5.971110e+01
   63.6016     5.248462e+02     6.507254e+01
   64.6442     5.344452e+02     6.626265e+01
   65.6869     4.979977e+02     6.174374e+01
   66.7295     4.330053e+02     5.368572e+01
   67.7721     3.690945e+02     4.576181e+01
   68.8148     3.251939e+02     4.031884e+01
   69.8574     3.025781e+02     3.751484e+01
   70.9001     2.934187e+02     3.637922e+01
   71.9427     2.905613e+02     3.602495e+01
   72.9854     2.906921e+02     3.604117e+01
   74.0280     2.941387e+02     3.646850e+01
   75.0707     3.042521e+02     3.772239e+01
   76.1133     3.239442e+02     4.016390e+01
   77.1560     3.497515e+02     4.336358e+01
   78.1986     3.708514e+02     4.597964e+01
   79.2413     3.775581e+02     4.681117e+01
   80.2839     3.715360e+02     4.606451e+01
   81.3266     3.653876e+02     4.530222e+01
   82.3692     3.706127e+02     4.595004e+01
   83.4119     3.864463e+02     4.791316e+01
   84.4545     4.009151e+02     4.970706e+01
   85.4972     4.019945e+02     4.984089e+01
   86.5398     3.874937e+02     4.804302e+01
   87.5825     3.657257e+02     4.534414e+01
   88.6251     3.483317e+02     4.318756e+01
   89.6678     3.420125e+02     4.240408e+01
   90.7104     3.451706e+02     4.279563e+01
   91.7531     3.512734e+02     4.355228e+01
   92.7957     3.555998e+02     4.408869e+01
   93.8384     3.590120e+02     4.451174e+01
   94.8810     3.651744e+02     4.527578e+01
   95.9237     3.747980e+02     4.646895e+01
   96.9663     3.840144e+02     4.761164e+01
   98.0090     3.888090e+02     4.820609e+01
   99.0516     3.897112e+02     4.831796e+01
  100.0943     3.908475e+02     4.845884e+01
  101.1369     3.949540e+02     4.896798e+01
  102.1795     4.005734e+02     4.966469e+01
  103.2222     4.036976e+02     5.005204e+01
  104.2648     4.004605e+02     4.965069e+01
  105.3075     3.882616e+02     4.813823e+01
  106.3501     3.668193e+02     4.547973e+01
  107.3928     3.400754e+02     4.216391e+01
  108.4354     3.159332e+02     3.917066e+01
  109.4781     3.020277e+02     3.744660e+01
  110.5207     3.019545e+02     3.743753e+01
  111.5634     3.168873e+02     3.928896e+01
  112.6060     3.490174e+02     4.327258e+01
  113.6487     3.986141e+02     4.942177e+01
  114.6913     4.558294e+02     5.651555e+01
  115.7340     4.999518e+02     6.198603e+01
  116.7766     5.132921e+02     6.364001e+01
  117.8193     4.976635e+02     6.170231e+01
  118.8619     4.742266e+02     5.879651e+01
  119.9046     4.648691e+02     5.763633e+01
  120.9472     4.746030e+02     5.884318e+01
  121.9899     4.924834e+02     6.106006e+01
  123.0325     5.065044e+02     6.279844e+01
  124.0752     5.141693e+02     6.374876e+01
  125.1178     5.197637e+02     6.444238e+01
  126.1605     5.259760e+02     6.521261e+01
  127.2031     5.303511e+02     6.575505e+01
  128.2458     5.275772e+02     6.541113e+01
  129.2884     5.130027e+02     6.360413e+01
  130.3311     4.859825e+02     6.025406e+01
  131.3737     4.535024e+02     5.622704e+01
  132.4164     4.301508e+02     5.333182e+01
  133.4590     4.295865e+02     5.326185e+01
  134.5017     4.522196e+02     5.606800e+01
  135.5443     4.826577e+02     5.984184e+01
  136.5869     5.028954e+02     6.235099e+01
  137.6296     5.087356e+02     6.307507e+01
  138.6722     5.113808e+02     6.340304e+01
  139.7149     5.233312e+02     6.488469e+01
  140.7575     5.464389e+02     6.774968e+01
  141.8002     5.750995e+02     7.130314e+01
  142.8428     6.061014e+02     7.514688e+01
  143.8855     6.392898e+02     7.926170e+01
  144.9281     6.699544e+02     8.306362e+01
  145.9708     6.884397e+02     8.535551e+01
  147.0134     6.913922e+02     8.572157e+01
  148.0561     6.885358e+02     8.536742e+01
  149.0987     6.918665e+02     8.578038e+01
  150.1414     6.992753e+02     8.669895e+01
  151.1840     6.953137e+02     8.620777e+01
  152.2267     6.703167e+02     8.310854e+01
  153.2693     6.343825e+02     7.865328e+01
  154.3120     6.090927e+02     7.551775e+01
  155.3546     6.075744e+02     7.532950e+01
  156.3973     6.247662e+02     7.746101e+01
  157.4399     6.435418e+02     7.978888e+01
  158.4826     6.454700e+02     8.002796e+01
  159.5252     6.180715e+02     7.663098e+01
  160.5679     5.604888e+02     6.949164e+01
  161.6105     4.873708e+02     6.042619e+01
  162.6532     4.234627e+02     5.250261e+01
  163.6958     3.872331e+02     4.801071e+01
  164.7385     3.767774e+02     4.671437e+01
  165.7811     3.728183e+02     4.622351e+01
  166.8238     3.563065e+02     4.417631e+01
  167.8664     3.230609e+02     4.005439e+01
  168.9091     2.831112e+02     3.510126e+01
  169.9517     2.492840e+02     3.090723e+01
  170.9943     2.276088e+02     2.821985e+01
  172.0370     2.159509e+02     2.677445e+01
  173.0796     2.082548e+02     2.582026e+01
  174.1223     1.992581e+02     2.470482e+01
  175.1649     1.869295e+02     2.317627e+01
  176.2076     1.722891e+02     2.136110e+01
  177.2502     1.575482e+02     1.953346e+01
  178.2929     1.442225e+02     1.788128e+01
  179.3355     1.325471e+02     1.643372e+01
  180.3782     1.221845e+02     1.514893e+01
  181.4208     1.132906e+02     1.404622e+01
  182.4635     1.070598e+02     1.327370e+01
  183.5061     1.051779e+02     1.304038e+01
  184.5488     1.081462e+02     1.340840e+01
  185.5914     1.137552e+02     1.410382e+01
  186.6341     1.177633e+02     1.460076e+01
  187.6767     1.170352e+02     1.451049e+01
  188.7194     1.122678e+02     1.391941e+01
  189.7620     1.071659e+02     1.328686e+01
  190.8047     1.046647e+02     1.297675e+01
  191.8473     1.041770e+02     1.291628e+01
  192.8900     1.026283e+02     1.272427e+01
  193.9326     9.781549e+01     1.212756e+01
  194.9753     9.044806e+01     1.121411e+01
  196.0179     8.311529e+01     1.030497e+01
  197.0606     7.768434e+01     9.631615e+00
  198.1032     7.387434e+01     9.159237e+00
  199.1459     7.023799e+01     8.708387e+00
  200.1885     6.626290e+01     8.215539e+00
  201.2312     6.318065e+01     7.833389e+00
  202.2738     6.251217e+01     7.750509e+00
  203.3164     6.397727e+01     7.932158e+00
  204.3591     6.519395e+01     8.083006e+00
  205.4017     6.357336e+01     7.882080e+00
  206.4444     5.846445e+01     7.248656e+00
  207.4870     5.165476e+01     6.404363e+00
  208.5297     4.617812e+01     5.725347e+00
  209.5723     4.452148e+01     5.519952e+00
  210.6150     4.718896e+01     5.850677e+00
  211.6576     5.238606e+01     6.495033e+00
  212.7003     5.736839e+01     7.112762e+00
  213.7429     6.079137e+01     7.537157e+00
  214.7856     6.405151e+01     7.941363e+00
  215.8282     7.023884e+01     8.708492e+00
  216.8709     8.164812e+01     1.012306e+01
  217.9135     9.808312e+01     1.216074e+01
  218.9562     1.172434e+02     1.453631e+01
  219.9988     1.368676e+02     1.696939e+01
  221.0415     1.572649e+02     1.949834e+01
  222.0841     1.824278e+02     2.261812e+01
  223.1268     2.189448e+02     2.714565e+01
  224.1694     2.746122e+02     3.404752e+01
  225.2121     3.589834e+02     4.450819e+01
  226.2547     4.827715e+02     5.985594e+01
  227.2974     6.487853e+02     8.043900e+01
  228.3400     8.353829e+02     1.035741e+02
  229.3827     9.898786e+02     1.227291e+02
  230.4253     1.050368e+03     1.302289e+02
  231.4680     9.879821e+02     1.224940e+02
  232.5106     8.331766e+02     1.033006e+02
  233.5533     6.574268e+02     8.151040e+01
  234.5959     5.240537e+02     6.497427e+01
  235.6386     4.521317e+02     5.605709e+01
  236.6812     4.206227e+02     5.215049e+01
  237.7238     3.980860e+02     4.935630e+01
  238.7665     3.654795e+02     4.531361e+01
  239.8091     3.188155e+02     3.952803e+01
  240.8518     2.624797e+02     3.254328e+01
  241.8944     2.048945e+02     2.540364e+01
  242.9371     1.556915e+02     1.930326e+01
  243.9797     1.207349e+02     1.496919e+01
  245.0224     9.867784e+01     1.223447e+01
  246.0650     8.393163e+01     1.040618e+01
  247.1077     7.275420e+01     9.020357e+00
  248.1503     6.509611e+01     8.070876e+00
  249.1930     6.135474e+01     7.607006e+00
  250.2356     5.993882e+01     7.431454e+00
  251.2783     5.892026e+01     7.305170e+00
  252.3209     5.839017e+01     7.239447e+00
  253.3636     5.962743e+01     7.392847e+00
  254.4062     6.241259e+01     7.738162e+00
  255.4489     6.441395e+01     7.986299e+00
  256.4915     6.346570e+01     7.868731e+00
  257.5342     5.986295e+01     7.422048e+00
  258.5768     5.613125e+01     6.959376e+00
  259.6195     5.476164e+01     6.789567e+00
  260.6621     5.631994e+01     6.982771e+00
  261.7048     5.959303e+01     7.388582e+00
  262.7474     6.323535e+01     7.840172e+00
  263.7901     6.693320e+01     8.298646e+00
  264.8327     7.088908e+01     8.789112e+00
  265.8754     7.464438e+01     9.254709e+00
  266.9180     7.718802e+01     9.570079e+00
  267.9607     7.856209e+01     9.740442e+00
  269.0033     8.097019e+01     1.003901e+01
  270.0460     8.771614e+01     1.087540e+01
  271.0886     1.007144e+02     1.248698e+01
  272.1312     1.186801e+02     1.471443e+01
  273.1739     1.371476e+02     1.700411e+01
  274.2165     1.500405e+02     1.860263e+01
  275.2592     1.521533e+02     1.886457e+01
  276.3018     1.417679e+02     1.757695e+01
  277.3445     1.219291e+02     1.511726e+01
  278.3871     9.896797e+01     1.227044e+01
  279.4298     7.886212e+01     9.777641e+00
  280.4724     6.420087e+01     7.959881e+00
  281.5151     5.407032e+01     6.703855e+00
  282.5577     4.632156e+01     5.743132e+00
  283.6004     3.969075e+01     4.921017e+00
  284.6430     3.416038e+01     4.235341e+00
  285.6857     3.015512e+01     3.738753e+00
  286.7283     2.791156e+01     3.460587e+00
  287.7710     2.737177e+01     3.393661e+00
  288.8136     2.813037e+01     3.487715e+00
  289.8563     2.933197e+01     3.636696e+00
  290.8989     2.993476e+01     3.711431e+00
  291.9416     2.935489e+01     3.639536e+00
  292.9842     2.781801e+01     3.448988e+00
  294.0269     2.597996e+01     3.221099e+00
  295.0695     2.430812e+01     3.013818e+00
  296.1122     2.296833e+01     2.847706e+00
  297.1548     2.215995e+01     2.747480e+00
  298.1975     2.219983e+01     2.752424e+00
  299.2401     2.313108e+01     2.867884e+00
  300.2828     2.446461e+01     3.033220e+00
  301.3254     2.555072e+01     3.167881e+00
  302.3681     2.616479e+01     3.244016e+00
  303.4107     2.653901e+01     3.290413e+00
  304.4534     2.683401e+01     3.326987e+00
  305.4960     2.685301e+01     3.329344e+00
  306.5386     2.650250e+01     3.285886e+00
  307.5813     2.645385e+01     3.279854e+00
  308.6239     2.802963e+01     3.475226e+00
  309.6666     3.212762e+01     3.983310e+00
  310.7092     3.812621e+01     4.727040e+00
  311.7519     4.390932e+01     5.444054e+00
  312.7945     4.716311e+01     5.847471e+00
  313.8372     4.692159e+01     5.817526e+00
  314.8798     4.410175e+01     5.467912e+00
  315.9225     4.064223e+01     5.038987e+00
  316.9651     3.801457e+01     4.713199e+00
  318.0078     3.634184e+01     4.505806e+00
  319.0504     3.480015e+01     4.314662e+00
  320.0931     3.284720e+01     4.072527e+00
  321.1357     3.104214e+01     3.848728e+00
  322.1784     3.058095e+01     3.791548e+00
  323.2210     3.201328e+01     3.969134e+00
  324.2637     3.460430e+01     4.290379e+00
  325.3063     3.718016e+01     4.609745e+00
  326.3490     3.955061e+01     4.903643e+00
  327.3916     4.282918e+01     5.310133e+00
  328.4343     4.830275e+01     5.988769e+00
  329.4769     5.637057e+01     6.989048e+00
  330.5196     6.701150e+01     8.308354e+00
  331.5622     8.115688e+01     1.006215e+01
  332.6049     1.008289e+02     1.250116e+01
  333.6475     1.269855e+02     1.574416e+01
  334.6902     1.566540e+02     1.942259e+01
  335.7328     1.822801e+02     2.259982e+01
  336.7755     1.947484e+02     2.414568e+01
  337.8181     1.884626e+02     2.336634e+01
  338.8607     1.648748e+02     2.044184e+01
  339.9034     1.317679e+02     1.633711e+01
  340.9460     9.882608e+01     1.225285e+01
  341.9887     7.284141e+01     9.031170e+00
  343.0313     5.575226e+01     6.912388e+00
  344.0740     4.591655e+01     5.692918e+00
  345.1166     4.054345e+01     5.026739e+00
  346.1593     3.728807e+01     4.623123e+00
  347.2019     3.474431e+01     4.307738e+00
  348.2446     3.251551e+01     4.031403e+00
  349.2872     3.105879e+01     3.850793e+00
  350.3299     3.104708e+01     3.849341e+00
  351.3725     3.249494e+01     4.028853e+00
  352.4152     3.443419e+01     4.269289e+00
  353.4578     3.548767e+01     4.399903e+00
  354.5005     3.479682e+01     4.314249e+00
  355.5431     3.252701e+01     4.032828e+00
  356.5858     2.967978e+01     3.679818e+00
  357.6284     2.745088e+01     3.403470e+00
  358.6711     2.655251e+01     3.292086e+00
  359.7137     2.691118e+01     3.336555e+00
  360.7564     2.793335e+01     3.463288e+00
  361.7990     2.907033e+01     3.604255e+00
  362.8417     3.015705e+01     3.738992e+00
  363.8843     3.132320e+01     3.883576e+00
  364.9270     3.273774e+01     4.058956e+00
  365.9696     3.441729e+01     4.267193e+00
  367.0123     3.606376e+01     4.471329e+00
  368.0549     3.703155e+01     4.591320e+00
  369.0976     3.675359e+01     4.556857e+00
  370.1402     3.548021e+01     4.398979e+00
  371.1829     3.442611e+01     4.268287e+00
  372.2255     3.476662e+01     4.310505e+00
  373.2681     3.637275e+01     4.509639e+00
  374.3108     3.779391e+01     4.685841e+00
  375.3534     3.766599e+01     4.669980e+00
  376.3961     3.603756e+01     4.468081e+00
  377.4387     3.424223e+01     4.245488e+00
  378.4814     3.361255e+01     4.167418e+00
  379.5240     3.441818e+01     4.267304e+00
  380.5667     3.592763e+01     4.454451e+00
  381.6093     3.733823e+01     4.629343e+00
  382.6520     3.858739e+01     4.784219e+00
  383.6946     4.019643e+01     4.983714e+00
  384.7373     4.237714e+01     5.254087e+00
  385.7799     4.477204e+01     5.551017e+00
  386.8226     4.755269e+01     5.895773e+00
  387.8652     5.223758e+01     6.476625e+00
  388.9079     6.021590e+01     7.465809e+00
  389.9505     7.084941e+01     8.784193e+00
  390.9932     8.400771e+01     1.041561e+01
  392.0358     1.067522e+02     1.323557e+01
  393.0785     1.545251e+02     1.915864e+01
  394.1211     2.382795e+02     2.954285e+01
  395.1638     3.454617e+02     4.283172e+01
  396.2064     4.365413e+02     5.412414e+01
  397.2491     4.682053e+02     5.804997e+01
  398.2917     4.258953e+02     5.280421e+01
  399.3344     3.348189e+02     4.151218e+01
  400.3770     2.387050e+02     2.959560e+01
  401.4197     1.678325e+02     2.080854e+01
  402.4623     1.256202e+02     1.557489e+01
  403.5050     9.998145e+01     1.239610e+01
  404.5476     8.112720e+01     1.005848e+01
  405.5903     6.769869e+01     8.393554e+00
  406.6329     6.125500e+01     7.594640e+00
  407.6755     6.059041e+01     7.512241e+00
  408.7182     6.236017e+01     7.731663e+00
  409.7608     6.467121e+01     8.018196e+00
  410.8035     6.821764e+01     8.457896e+00
  411.8461     7.422772e+01     9.203049e+00
  412.8888     8.208468e+01     1.017719e+01
  413.9314     8.893487e+01     1.102650e+01
  414.9741     9.136330e+01     1.132759e+01
  416.0167     8.766339e+01     1.086886e+01
  417.0594     7.888700e+01     9.780726e+00
  418.1020     6.787685e+01     8.415643e+00
  419.1447     5.731864e+01     7.106594e+00
  420.1873     4.865770e+01     6.032776e+00
  421.2300     4.244577e+01     5.262596e+00
  422.2726     3.896110e+01     4.830553e+00
  423.3153     3.805333e+01     4.718004e+00
  424.3579     3.871195e+01     4.799663e+00
  425.4006     3.944066e+01     4.890011e+00
  426.4432     3.932503e+01     4.875674e+00
  427.4859     3.855302e+01     4.779957e+00
  428.5285     3.776380e+01     4.682106e+00
  429.5712     3.711268e+01     4.601379e+00
  430.6138     3.628417e+01     4.498657e+00
  431.6565     3.540807e+01     4.390034e+00
  432.6991     3.559123e+01     4.412743e+00
  433.7418     3.813624e+01     4.728284e+00
  434.7844     4.305992e+01     5.338741e+00
  435.8271     4.846919e+01     6.009404e+00
  436.8697     5.165833e+01     6.404806e+00
  437.9124     5.118078e+01     6.345598e+00
  438.9550     4.816127e+01     5.971227e+00
  439.9976     4.561624e+01     5.655683e+00
  441.0403     4.615273e+01     5.722201e+00
  442.0829     4.985800e+01     6.181595e+00
  443.1256     5.420132e+01     6.720096e+00
  444.1682     5.611358e+01     6.957187e+00
  445.2109     5.443392e+01     6.748935e+00
  446.2535     5.054812e+01     6.267159e+00
  447.2962     4.679064e+01     5.801290e+00
  448.3388     4.433201e+01     5.496460e+00
  449.3815     4.262066e+01     5.284280e+00
  450.4241     4.066863e+01     5.042259e+00
  451.4668     3.851027e+01     4.774658e+00
  452.5094     3.715785e+01     4.606978e+00
  453.5521     3.729409e+01     4.623871e+00
  454.5947     3.847614e+01     4.770426e+00
  455.6374     3.983101e+01     4.938408e+00
  456.6800     4.112474e+01     5.098810e+00
  457.7227     4.262028e+01     5.284232e+00
  458.7653     4.406566e+01     5.463437e+00
  459.8080     4.461101e+01     5.531052e+00
  460.8506     4.404603e+01     5.461003e+00
  461.8933     4.350257e+01     5.393623e+00
  462.9359     4.430956e+01     5.493676e+00
  463.9786     4.643679e+01     5.757419e+00
  465.0212     4.870447e+01     6.038575e+00
  466.0639     5.040806e+01     6.249793e+00
  467.1065     5.201629e+01     6.449188e+00
  468.1492     5.406522e+01     6.703222e+00
  469.1918     5.594173e+01     6.935880e+00
  470.2345     5.624786e+01     6.973835e+00
  471.2771     5.427756e+01     6.729549e+00
  472.3198     5.091807e+01     6.313025e+00
  473.3624     4.809557e+01     5.963081e+00
  474.4050     4.730482e+01     5.865040e+00
  475.4477     4.851166e+01     6.014670e+00
  476.4903     5.041588e+01     6.250762e+00
  477.5330     5.179347e+01     6.421561e+00
  478.5756     5.252585e+01     6.512365e+00
  479.6183     5.343719e+01     6.625356e+00
  480.6609     5.552471e+01     6.884175e+00
  481.7036     5.936569e+01     7.360395e+00
  482.7462     6.459114e+01     8.008268e+00
  483.7889     6.959973e+01     8.629253e+00
  484.8315     7.255541e+01     8.995710e+00
  485.8742     7.326106e+01     9.083199e+00
  486.9168     7.323604e+01     9.080097e+00
  487.9595     7.324178e+01     9.080809e+00
  489.0021     7.202862e+01     8.930397e+00
  490.0448     6.911177e+01     8.568754e+00
  491.0874     6.772428e+01     8.396728e+00
  492.1301     7.274937e+01     9.019758e+00
  493.1727     8.618392e+01     1.068543e+01
  494.2154     1.070818e+02     1.327642e+01
  495.2580     1.357938e+02     1.683625e+01
  496.3007     1.755245e+02     2.176223e+01
  497.3433     2.293921e+02     2.844095e+01
  498.3860     2.979948e+02     3.694659e+01
  499.4286     3.780428e+02     4.687125e+01
  500.4713     4.578619e+02     5.676755e+01
  501.5139     5.147121e+02     6.381606e+01
  502.5566     5.260620e+02     6.522327e+01
  503.5992     4.906903e+02     6.083775e+01
  504.6419     4.356562e+02     5.401440e+01
  505.6845     3.984119e+02     4.939670e+01
  506.7272     4.047555e+02     5.018321e+01
  507.7698     4.626178e+02     5.735720e+01
  508.8124     5.631789e+02     6.982517e+01
  509.8551     6.830690e+02     8.468962e+01
  510.8977     8.128132e+02     1.007758e+02
  511.9404     1.015223e+03     1.258714e+02
  512.9830     1.435529e+03     1.779827e+02
  514.0257     2.181484e+03     2.704692e+02
  515.0683     3.148276e+03     3.903358e+02
  516.1110     4.006648e+03     4.967602e+02
  517.1536     4.459584e+03     5.529171e+02
  518.1963     4.566409e+03     5.661616e+02
  519.2389     4.795449e+03     5.945589e+02
  520.2816     5.698523e+03     7.065257e+02
  521.3242     7.459216e+03     9.248234e+02
  522.3669     9.672241e+03     1.199203e+03
  523.4095     1.150546e+04     1.426493e+03
  524.4522     1.213134e+04     1.504092e+03
  525.4948     1.118245e+04     1.386445e+03
  526.5375     8.977430e+03     1.113058e+03
  527.5801     6.356796e+03     7.881410e+02
  528.6228     4.196419e+03     5.202888e+02
  529.6654     2.926496e+03     3.628387e+02
  530.7081     2.409650e+03     2.987581e+02
  531.7507     2.223695e+03     2.757026e+02
  532.7934     2.043940e+03     2.534159e+02
  533.8360     1.797715e+03     2.228879e+02
  534.8787     1.556968e+03     1.930392e+02
  535.9213     1.378391e+03     1.708985e+02
  536.9640     1.256317e+03     1.557632e+02
  538.0066     1.164831e+03     1.444204e+02
  539.0493     1.090000e+03     1.351425e+02
  540.0919     1.023877e+03     1.269444e+02
  541.1346     9.564342e+02     1.185825e+02
  542.1772     8.822231e+02     1.093815e+02
  543.2198     8.033739e+02     9.960550e+01
  544.2625     7.210823e+02     8.940267e+01
  545.3051     6.314588e+02     7.829078e+01
  546.3478     5.335699e+02     6.615413e+01
  547.3904     4.362391e+02     5.408667e+01
  548.4331     3.526692e+02     4.372534e+01
  549.4757     2.904243e+02     3.600797e+01
  550.5184     2.483923e+02     3.079667e+01
  551.5610     2.205561e+02     2.734543e+01
  552.6037     2.000553e+02     2.480366e+01
  553.6463     1.817394e+02     2.253278e+01
  554.6890     1.645225e+02     2.039816e+01
  555.7316     1.517342e+02     1.881261e+01
  556.7743     1.471370e+02     1.824264e+01
  557.8169     1.497341e+02     1.856463e+01
  558.8596     1.534576e+02     1.902629e+01
  559.9022     1.525979e+02     1.891970e+01
  560.9449     1.468439e+02     1.820630e+01
  561.9875     1.404272e+02     1.741072e+01
  563.0302     1.373672e+02     1.703133e+01
  564.0728     1.393070e+02     1.727184e+01
  565.1155     1.477543e+02     1.831917e+01
  566.1581     1.651382e+02     2.047449e+01
  567.2008     1.902388e+02     2.358656e+01
  568.2434     2.130687e+02     2.641711e+01
  569.2861     2.185051e+02     2.709114e+01
  570.3287     1.984406e+02     2.460346e+01
  571.3714     1.601241e+02     1.985283e+01
  572.4140     1.207501e+02     1.497108e+01
  573.4567     9.358375e+01     1.160289e+01
  574.4993     7.980214e+01     9.894188e+00
  575.5419     7.234839e+01     8.970043e+00
  576.5846     6.495123e+01     8.052913e+00
  577.6272     5.679912e+01     7.042183e+00
  578.6699     5.086047e+01     6.305884e+00
  579.7125     4.998277e+01     6.197064e+00
  580.7552     5.441861e+01     6.747038e+00
  581.7978     6.162380e+01     7.640365e+00
  582.8405     6.788089e+01     8.416144e+00
  583.8831     7.062797e+01     8.756739e+00
  584.9258     6.969951e+01     8.641624e+00
  585.9684     6.655674e+01     8.251971e+00
  587.0111     6.270810e+01     7.774801e+00
  588.0537     5.911044e+01     7.328749e+00
  589.0964     5.663738e+01     7.022129e+00
  590.1390     5.630150e+01     6.980485e+00
  591.1817     5.862052e+01     7.268006e+00
  592.2243     6.289763e+01     7.798300e+00
  593.2670     6.732277e+01     8.346946e+00
  594.3096     6.990818e+01     8.667496e+00
  595.3523     6.958667e+01     8.627633e+00
  596.3949     6.676054e+01     8.277239e+00
  597.4376     6.299027e+01     7.809785e+00
  598.4802     6.011142e+01     7.452854e+00
  599.5229     5.941286e+01     7.366244e+00
  600.5655     6.123033e+01     7.591581e+00
  601.6082     6.485212e+01     8.040626e+00
  602.6508     6.869924e+01     8.517606e+00
  603.6935     7.102149e+01     8.805528e+00
  604.7361     7.097097e+01     8.799265e+00
  605.7788     6.914588e+01     8.572982e+00
  606.8214     6.686600e+01     8.290314e+00
  607.8641     6.479612e+01     8.033682e+00
  608.9067     6.245666e+01     7.743627e+00
  609.9493     5.924455e+01     7.345376e+00
  610.9920     5.572483e+01     6.908987e+00
  612.0346     5.346091e+01     6.628297e+00
  613.0773     5.337621e+01     6.617796e+00
  614.1199     5.463174e+01     6.773462e+00
  615.1626     5.562312e+01     6.896377e+00
  616.2052     5.603966e+01     6.948021e+00
  617.2479     5.725911e+01     7.099213e+00
  618.2905     6.020989e+01     7.465063e+00
  619.3332     6.324853e+01     7.841806e+00
  620.3758     6.304982e+01     7.817169e+00
  621.4185     5.794049e+01     7.183694e+00
  622.4611     4.989230e+01     6.185847e+00
  623.5038     4.278170e+01     5.304246e+00
  624.5464     3.887873e+01     4.820341e+00
  625.5891     3.741066e+01     4.638323e+00
  626.6317     3.635382e+01     4.507292e+00
  627.6744     3.497031e+01     4.335760e+00
  628.7170     3.428824e+01     4.251194e+00
  629.7597     3.546658e+01     4.397289e+00
  630.8023     3.818894e+01     4.734818e+00
  631.8450     4.073659e+01     5.050685e+00
  632.8876     4.140935e+01     5.134097e+00
  633.9303     3.981247e+01     4.936109e+00
  634.9729     3.698845e+01     4.585976e+00
  636.0156     3.452084e+01     4.280032e+00
  637.0582     3.342945e+01     4.144717e+00
  638.1009     3.361001e+01     4.167104e+00
  639.1435     3.410190e+01     4.228091e+00
  640.1862     3.395113e+01     4.209397e+00
  641.2288     3.302862e+01     4.095020e+00
  642.2715     3.210604e+01     3.980635e+00
  643.3141     3.205204e+01     3.973940e+00
  644.3567     3.289196e+01     4.078077e+00
  645.3994     3.372996e+01     4.181975e+00
  646.4420     3.366777e+01     4.174265e+00
  647.4847     3.273465e+01     4.058573e+00
  648.5273     3.182038e+01     3.945218e+00
  649.5700     3.174528e+01     3.935906e+00
  650.6126     3.252168e+01     4.032169e+00
  651.6553     3.350922e+01     4.154607e+00
  652.6979     3.411475e+01     4.229683e+00
  653.7406     3.423506e+01     4.244599e+00
  654.7832     3.413504e+01     4.232199e+00
  655.8259     3.409976e+01     4.227824e+00
  656.8685     3.426444e+01     4.248242e+00
  657.9112     3.465939e+01     4.297210e+00
  658.9538     3.527866e+01     4.373989e+00
  659.9965     3.608058e+01     4.473414e+00
  661.0391     3.697229e+01     4.583972e+00
  662.0818     3.779623e+01     4.686127e+00
  663.1244     3.827929e+01     4.746020e+00
  664.1671     3.802835e+01     4.714907e+00
  665.2097     3.677972e+01     4.560097e+00
  666.2524     3.487558e+01     4.324014e+00
  667.2950     3.347698e+01     4.150610e+00
  668.3377     3.401376e+01     4.217162e+00
  669.3803     3.712195e+01     4.602528e+00
  670.4230     4.205856e+01     5.214589e+00
  671.4656     4.726646e+01     5.860285e+00
  672.5083     5.155838e+01     6.392414e+00
  673.5509     5.471632e+01     6.783948e+00
  674.5936     5.704764e+01     7.072995e+00
  675.6362     5.867390e+01     7.274625e+00
  676.6789     5.945786e+01     7.371823e+00
  677.7215     5.941700e+01     7.366757e+00
  678.7641     5.880606e+01     7.291011e+00
  679.8068     5.774277e+01     7.159180e+00
  680.8494     5.614788e+01     6.961438e+00
  681.8921     5.429761e+01     6.732035e+00
  682.9347     5.307203e+01     6.580083e+00
  683.9774     5.320567e+01     6.596652e+00
  685.0200     5.465857e+01     6.776789e+00
  686.0627     5.772581e+01     7.157076e+00
  687.1053     6.493236e+01     8.050574e+00
  688.1480     8.026765e+01     9.951905e+00
  689.1906     1.044966e+02     1.295590e+01
  690.2333     1.308840e+02     1.622752e+01
  691.2759     1.473778e+02     1.827249e+01
  692.3186     1.451776e+02     1.799970e+01
  693.3612     1.259312e+02     1.561346e+01
  694.4039     1.002320e+02     1.242716e+01
  695.4465     7.900684e+01     9.795584e+00
  696.4892     6.647330e+01     8.241625e+00
  697.5318     6.049136e+01     7.499961e+00
  698.5745     5.758344e+01     7.139426e+00
  699.6171     5.613080e+01     6.959321e+00
  700.6598     5.552560e+01     6.884286e+00
  701.7024     5.448674e+01     6.755484e+00
  702.7451     5.158758e+01     6.396035e+00
  703.7877     4.697920e+01     5.824669e+00
  704.8304     4.252774e+01     5.272760e+00
  705.8730     3.998709e+01     4.957760e+00
  706.9157     3.946250e+01     4.892718e+00
  707.9583     3.981763e+01     4.936750e+00
  709.0010     4.015234e+01     4.978248e+00
  710.0436     4.047797e+01     5.018621e+00
  711.0862     4.110356e+01     5.096184e+00
  712.1289     4.185032e+01     5.188770e+00
  713.1715     4.213393e+01     5.223933e+00
  714.2142     4.170433e+01     5.170670e+00
  715.2568     4.110504e+01     5.096367e+00
  716.2995     4.135260e+01     5.127061e+00
  717.3421     4.315893e+01     5.351017e+00
  718.3848     4.633943e+01     5.745348e+00
  719.4274     4.981154e+01     6.175834e+00
  720.4701     5.218398e+01     6.469978e+00
  721.5127     5.258212e+01     6.519342e+00
  722.5554     5.115456e+01     6.342347e+00
  723.5980     4.887980e+01     6.060313e+00
  724.6407     4.684949e+01     5.808588e+00
  725.6833     4.563977e+01     5.658601e+00
  726.7260     4.520295e+01     5.604442e+00
  727.7686     4.515338e+01     5.598297e+00
  728.8113     4.507858e+01     5.589022e+00
  729.8539     4.477827e+01     5.551789e+00
  730.8966     4.458534e+01     5.527869e+00
  731.9392     4.567697e+01     5.663214e+00
  732.9819     4.982265e+01     6.177211e+00
  734.0245     5.812701e+01     7.206819e+00
  735.0672     6.936767e+01     8.600482e+00
  736.1098     7.964034e+01     9.874128e+00
  737.1525     8.455464e+01     1.048342e+01
  738.1951     8.274526e+01     1.025909e+01
  739.2378     7.732333e+01     9.586855e+00
  740.2804     7.323048e+01     9.079408e+00
  741.3231     7.275614e+01     9.020598e+00
  742.3657     7.386538e+01     9.158125e+00
  743.4084     7.303142e+01     9.054728e+00
  744.4510     6.920044e+01     8.579747e+00
  745.4936     6.460241e+01     8.009665e+00
  746.5363     6.223473e+01     7.716111e+00
  747.5789     6.334816e+01     7.854158e+00
  748.6216     6.713994e+01     8.324279e+00
  749.6642     7.191999e+01     8.916928e+00
  750.7069     7.659361e+01     9.496382e+00
  751.7495     8.243521e+01     1.022065e+01
  752.7922     9.426612e+01     1.168749e+01
  753.8348     1.183734e+02     1.467640e+01
  754.8775     1.564554e+02     1.939797e+01
  755.9201     2.003335e+02     2.483815e+01
  756.9628     2.340793e+02     2.902208e+01
  758.0054     2.440220e+02     3.025482e+01
  759.0481     2.285283e+02     2.833385e+01
  760.0907     1.987130e+02     2.463724e+01
  761.1334     1.701181e+02     2.109193e+01
  762.1760     1.539336e+02     1.908530e+01
  763.2187     1.546277e+02     1.917136e+01
  764.2613     1.718598e+02     2.130787e+01
  765.3040     2.007232e+02     2.488646e+01
  766.3466     2.306629e+02     2.859851e+01
  767.3893     2.492443e+02     3.090230e+01
  768.4319     2.511975e+02     3.114448e+01
  769.4746     2.429748e+02     3.012499e+01
  770.5172     2.357843e+02     2.923348e+01
  771.5599     2.353330e+02     2.917753e+01
  772.6025     2.418651e+02     2.998740e+01
  773.6452     2.586544e+02     3.206901e+01
  774.6878     2.934477e+02     3.638282e+01
  775.7305     3.491992e+02     4.329512e+01
  776.7731     4.205624e+02     5.214301e+01
  777.8158     5.050351e+02     6.261628e+01
  778.8584     6.106554e+02     7.571150e+01
  779.9010     7.451518e+02     9.238690e+01
  780.9437     9.108323e+02     1.129286e+02
  781.9863     1.136940e+03     1.409623e+02
  783.0290     1.517001e+03     1.880838e+02
  784.0716     2.167749e+03     2.687662e+02
  785.1143     3.101468e+03     3.845325e+02
  786.1569     4.150041e+03     5.145386e+02
  787.1996     5.085482e+03     6.305184e+02
  788.2422     5.865011e+03     7.271675e+02
  789.2849     6.720362e+03     8.332174e+02
  790.3275     7.916949e+03     9.815751e+02
  791.3702     9.381602e+03     1.163169e+03
  792.4128     1.061172e+04     1.315684e+03
  793.4555     1.102824e+04     1.367325e+03
  794.4981     1.045790e+04     1.296612e+03
  795.5408     9.270852e+03     1.149437e+03
  796.5834     8.053324e+03     9.984834e+02
  797.6261     7.163247e+03     8.881280e+02
  798.6687     6.581826e+03     8.160411e+02
  799.7114     6.111855e+03     7.577722e+02
  800.7540     5.632859e+03     6.983844e+02
  801.7967     5.157628e+03     6.394634e+02
  802.8393     4.719017e+03     5.850827e+02
  803.8820     4.281505e+03     5.308381e+02
  804.9246     3.775998e+03     4.681633e+02
  805.9673     3.184665e+03     3.948475e+02
  807.0099     2.567401e+03     3.183166e+02
  808.0526     2.014257e+03     2.497356e+02
  809.0952     1.583822e+03     1.963686e+02
  810.1379     1.277683e+03     1.584122e+02
  811.1805     1.055834e+03     1.309065e+02
  812.2232     8.728810e+02     1.082233e+02
  813.2658     7.096841e+02     8.798948e+01
  814.3084     5.779985e+02     7.166257e+01
  815.3511     4.950252e+02     6.137520e+01
  816.3937     4.546715e+02     5.637199e+01
  817.4364     4.277656e+02     5.303609e+01
  818.4790     3.902122e+02     4.838007e+01
  819.5217     3.448002e+02     4.274971e+01
  820.5643     3.119073e+02     3.867152e+01
  821.6070     3.031980e+02     3.759170e+01
  822.6496     3.101977e+02     3.845955e+01
  823.6923     3.176985e+02     3.938953e+01
  824.7349     3.223323e+02     3.996405e+01
  825.7776     3.342141e+02     4.143720e+01
  826.8202     3.615915e+02     4.483156e+01
  827.8629     3.974905e+02     4.928246e+01
  828.9055     4.249478e+02     5.268672e+01
  829.9482     4.375226e+02     5.424581e+01
  830.9908     4.535377e+02     5.623142e+01
  832.0335     5.052650e+02     6.264478e+01
  833.0761     6.089273e+02     7.549724e+01
  834.1188     7.434155e+02     9.217162e+01
  835.1614     8.591109e+02     1.065160e+02
  836.2041     9.092317e+02     1.127302e+02
  837.2467     8.776742e+02     1.088176e+02
  838.2894     7.865423e+02     9.751866e+01
  839.3320     6.852294e+02     8.495748e+01
  840.3747     6.291455e+02     7.800397e+01
  841.4173     6.549203e+02     8.119964e+01
  842.4600     7.633327e+02     9.464104e+01
  843.5026     9.227859e+02     1.144107e+02
  844.5453     1.090539e+03     1.352094e+02
  845.5879     1.230646e+03     1.525804e+02
  846.6305     1.315193e+03     1.630629e+02
  847.6732     1.322185e+03     1.639298e+02
  848.7158     1.248482e+03     1.547918e+02
  849.7585     1.127097e+03     1.397420e+02
  850.8011     1.017690e+03     1.261772e+02
  851.8438     9.647900e+02     1.196185e+02
  852.8864     9.613084e+02     1.191869e+02
  853.9291     9.560275e+02     1.185321e+02
  854.9717     8.977073e+02     1.113013e+02
  856.0144     7.723680e+02     9.576128e+01
  857.0570     6.049448e+02     7.500348e+01
  858.0997     4.358152e+02     5.403411e+01
  859.1423     2.982365e+02     3.697655e+01
  860.1850     2.081519e+02     2.580751e+01
  861.2276     1.631478e+02     2.022772e+01
  862.2703     1.478968e+02     1.833683e+01
  863.3129     1.457003e+02     1.806450e+01
  864.3556     1.497256e+02     1.856358e+01
  865.3982     1.640851e+02     2.034392e+01
  866.4409     1.938823e+02     2.403830e+01
  867.4835     2.349093e+02     2.912499e+01
  868.5262     2.731208e+02     3.386260e+01
  869.5688     2.931455e+02     3.634535e+01
  870.6115     2.874258e+02     3.563620e+01
  871.6541     2.593470e+02     3.215487e+01
  872.6968     2.197217e+02     2.724198e+01
  873.7394     1.801026e+02     2.232985e+01
  874.7821     1.473948e+02     1.827460e+01
  875.8247     1.227094e+02     1.521400e+01
  876.8674     1.040412e+02     1.289945e+01
  877.9100     8.962414e+01     1.111196e+01
  878.9527     7.925213e+01     9.825996e+00
  879.9953     7.348024e+01     9.110374e+00
  881.0379     7.221846e+01     8.953933e+00
  882.0806     7.390037e+01     9.162464e+00
  883.1232     7.571756e+01     9.387766e+00
  884.1659     7.497639e+01     9.295872e+00
  885.2085     7.077282e+01     8.774697e+00
  886.2512     6.450951e+01     7.998147e+00
  887.2938     5.871949e+01     7.280278e+00
  888.3365     5.540380e+01     6.869185e+00
  889.3791     5.525699e+01     6.850982e+00
  890.4218     5.770509e+01     7.154508e+00
  891.4644     6.107027e+01     7.571737e+00
  892.5071     6.311472e+01     7.825215e+00
  893.5497     6.246415e+01     7.744556e+00
  894.5924     5.992473e+01     7.429708e+00
  895.6350     5.790491e+01     7.179282e+00
  896.6777     5.804451e+01     7.196591e+00
  897.7203     5.958665e+01     7.387791e+00
  898.7630     6.047353e+01     7.497750e+00
  899.8056     5.995211e+01     7.433103e+00
  900.8483     5.963725e+01     7.394065e+00
  901.8909     6.180341e+01     7.662634e+00
  902.9336     6.687151e+01     8.290997e+00
  903.9762     7.283664e+01     9.030578e+00
  905.0189     7.706464e+01     9.554782e+00
  906.0615     7.837169e+01     9.716836e+00
  907.1042     7.740785e+01     9.597334e+00
  908.1468     7.559573e+01     9.372661e+00
  909.1895     7.428178e+01     9.209752e+00
  910.2321     7.474357e+01     9.267007e+00
  911.2748     7.804731e+01     9.676618e+00
  912.3174     8.406785e+01     1.042307e+01
  913.3601     9.081401e+01     1.125948e+01
  914.4027     9.549836e+01     1.184027e+01
  915.4453     9.658589e+01     1.197510e+01
  916.4880     9.445530e+01     1.171095e+01
  917.5306     9.005917e+01     1.116590e+01
  918.5733     8.381325e+01     1.039150e+01
  919.6159     7.647260e+01     9.481379e+00
  920.6586     7.038681e+01     8.726838e+00
  921.7012     6.855715e+01     8.499990e+00
  922.7439     7.227680e+01     8.961166e+00
  923.7865     8.055891e+01     9.988017e+00
  924.8292     9.172457e+01     1.137238e+01
  925.8718     1.040836e+02     1.290470e+01
  926.9145     1.154225e+02     1.431055e+01
  927.9571     1.260163e+02     1.562400e+01
  928.9998     1.460068e+02     1.810251e+01
  930.0424     1.966314e+02     2.437915e+01
  931.0851     2.941986e+02     3.647593e+01
  932.1277     4.254423e+02     5.274804e+01
  933.1704     5.419073e+02     6.718784e+01
  934.2130     5.892592e+02     7.305872e+01
  935.2557     5.498641e+02     6.817435e+01
  936.2983     4.570519e+02     5.666712e+01
  937.3410     3.660846e+02     4.538863e+01
  938.3836     3.124833e+02     3.874293e+01
  939.4263     2.993325e+02     3.711244e+01
  940.4689     3.191177e+02     3.956549e+01
  941.5116     3.770897e+02     4.675309e+01
  942.5542     4.865019e+02     6.031845e+01
  943.5969     6.424999e+02     7.965971e+01
  944.6395     8.059836e+02     9.992907e+01
  945.6822     9.173866e+02     1.137413e+02
  946.7248     9.313017e+02     1.154665e+02
  947.7674     8.460775e+02     1.049001e+02
  948.8101     7.073239e+02     8.769685e+01
  949.8527     5.818534e+02     7.214052e+01
  950.8954     5.180904e+02     6.423493e+01
  951.9380     5.202658e+02     6.450464e+01
  952.9807     5.558518e+02     6.891673e+01
  954.0233     5.890142e+02     7.302833e+01
  955.0660     6.092283e+02     7.553456e+01
  956.1086     6.293972e+02     7.803518e+01
  957.1513     6.594695e+02     8.176366e+01
  958.1939     6.863638e+02     8.509812e+01
  959.2366     6.818138e+02     8.453400e+01
  960.2792     6.281648e+02     7.788239e+01
  961.3219     5.344214e+02     6.625970e+01
  962.3645     4.284274e+02     5.311814e+01
  963.4072     3.365983e+02     4.173280e+01
  964.4498     2.710118e+02     3.360112e+01
  965.4925     2.305219e+02     2.858103e+01
  966.5351     2.078788e+02     2.577364e+01
  967.5778     1.943605e+02     2.409759e+01
  968.6204     1.817688e+02     2.253642e+01
  969.6631     1.650420e+02     2.046257e+01
  970.7057     1.447098e+02     1.794170e+01
  971.7484     1.256672e+02     1.558073e+01
  972.7910     1.122912e+02     1.392232e+01
  973.8337     1.045167e+02     1.295839e+01
  974.8763     9.858989e+01     1.222357e+01
  975.9190     9.113113e+01     1.129880e+01
  976.9616     8.214616e+01     1.018481e+01
  978.0043     7.448130e+01     9.234489e+00
  979.0469     7.094263e+01     8.795751e+00
  980.0896     7.198382e+01     8.924842e+00
  981.1322     7.566350e+01     9.381063e+00
  982.1748     7.930589e+01     9.832662e+00
  983.2175     8.113842e+01     1.005987e+01
  984.2601     8.088078e+01     1.002792e+01
  985.3028     7.960101e+01     9.869251e+00
  986.3454     7.933918e+01     9.836789e+00
  987.3881     8.214545e+01     1.018472e+01
  988.4307     8.831620e+01     1.094980e+01
  989.4734     9.526447e+01     1.181127e+01
  990.5160     9.900817e+01     1.227543e+01
  991.5587     9.775795e+01     1.212042e+01
  992.6013     9.417729e+01     1.167648e+01
  993.6440     9.374363e+01     1.162271e+01
  994.6866     1.006810e+02     1.248283e+01
  995.7293     1.151860e+02     1.428123e+01
  996.7719     1.337600e+02     1.658409e+01
  997.8146     1.515197e+02     1.878602e+01
  998.8572     1.647466e+02     2.042594e+01
  999.8999     1.727325e+02     2.141607e+01
 1000.9425     1.781415e+02     2.208669e+01
 1001.9852     1.853787e+02     2.298400e+01
 1003.0278     1.980419e+02     2.455402e+01
 1004.0705     2.175093e+02     2.696767e+01
 1005.1131     2.431017e+02     3.014072e+01
 1006.1558     2.723508e+02     3.376715e+01
 1007.1984     3.010387e+02     3.732398e+01
 1008.2411     3.247515e+02     4.026399e+01
 1009.2837     3.420536e+02     4.240918e+01
 1010.3264     3.555256e+02     4.407948e+01
 1011.3690     3.678249e+02     4.560440e+01
 1012.4117     3.765172e+02     4.668211e+01
 1013.4543     3.747128e+02     4.645840e+01
 1014.4970     3.582211e+02     4.441368e+01
 1015.5396     3.312289e+02     4.106708e+01
 1016.5822     3.033681e+02     3.761280e+01
 1017.6249     2.811137e+02     3.485360e+01
 1018.6675     2.630007e+02     3.260788e+01
 1019.7102     2.432051e+02     3.015354e+01
 1020.7528     2.184865e+02     2.708883e+01
 1021.7955     1.909414e+02     2.367367e+01
 1022.8381     1.650030e+02     2.045773e+01
 1023.8808     1.433055e+02     1.776759e+01
 1024.9234     1.258212e+02     1.559982e+01
 1025.9661     1.120414e+02     1.389135e+01
 1027.0087     1.028351e+02     1.274991e+01
 1028.0514     9.977153e+01     1.237007e+01
 1029.0940     1.030047e+02     1.277094e+01
 1030.1367     1.104722e+02     1.369679e+01
 1031.1793     1.194696e+02     1.481232e+01
 1032.2220     1.286158e+02     1.594630e+01
 1033.2646     1.376222e+02     1.706295e+01
 1034.3073     1.453443e+02     1.802037e+01
 1035.3499     1.496256e+02     1.855118e+01
 1036.3926     1.506510e+02     1.867831e+01
 1037.4352     1.539531e+02     1.908772e+01
 1038.4779     1.673894e+02     2.075360e+01
 1039.5205     1.929741e+02     2.392570e+01
 1040.5632     2.225449e+02     2.759200e+01
 1041.6058     2.439927e+02     3.025119e+01
 1042.6485     2.523602e+02     3.128862e+01
 1043.6911     2.533913e+02     3.141647e+01
 1044.7338     2.569723e+02     3.186045e+01
 1045.7764     2.714787e+02     3.365901e+01
 1046.8191     3.061830e+02     3.796179e+01
 1047.8617     3.717677e+02     4.609324e+01
 1048.9044     4.674539e+02     5.795680e+01
 1049.9470     5.666765e+02     7.025882e+01
 1050.9896     6.282311e+02     7.789061e+01
 1052.0323     6.345347e+02     7.867215e+01
 1053.0749     6.181958e+02     7.664639e+01
 1054.1176     6.404697e+02     7.940799e+01
 1055.1602     7.378163e+02     9.147742e+01
 1056.2029     8.913318e+02     1.105109e+02
 1057.2455     1.046737e+03     1.297786e+02
 1058.2882     1.155291e+03     1.432376e+02
 1059.3308     1.192617e+03     1.478655e+02
 1060.3735     1.152235e+03     1.428587e+02
 1061.4161     1.040745e+03     1.290357e+02
 1062.4588     8.839032e+02     1.095899e+02
 1063.5014     7.245858e+02     8.983704e+01
 1064.5441     6.022799e+02     7.467307e+01
 1065.5867     5.329153e+02     6.607297e+01
 1066.6294     5.106586e+02     6.331349e+01
 1067.6720     5.274200e+02     6.539164e+01
 1068.7147     5.898811e+02     7.313581e+01
 1069.7573     7.217274e+02     8.948266e+01
 1070.8000     9.485105e+02     1.176001e+02
 1071.8426     1.267581e+03     1.571598e+02
 1072.8853     1.622974e+03     2.012228e+02
 1073.9279     1.922507e+03     2.383601e+02
 1074.9706     2.107247e+03     2.612649e+02
 1076.0132     2.217415e+03     2.749240e+02
 1077.0559     2.377448e+03     2.947655e+02
 1078.0985     2.697322e+03     3.344248e+02
 1079.1412     3.179323e+03     3.941852e+02
 1080.1838     3.711523e+03     4.601694e+02
 1081.2265     4.133536e+03     5.124924e+02
 1082.2691     4.305733e+03     5.338420e+02
 1083.3117     4.155570e+03     5.152242e+02
 1084.3544     3.718611e+03     4.610482e+02
 1085.3970     3.155398e+03     3.912188e+02
 1086.4397     2.685618e+03     3.329737e+02
 1087.4823     2.448973e+03     3.036335e+02
 1088.5250     2.415096e+03     2.994333e+02
 1089.5676     2.446562e+03     3.033345e+02
 1090.6103     2.452247e+03     3.040394e+02
 1091.6529     2.459351e+03     3.049202e+02
 1092.6956     2.533551e+03     3.141198e+02
 1093.7382     2.661512e+03     3.299849e+02
 1094.7809     2.741142e+03     3.398577e+02
 1095.8235     2.678765e+03     3.321240e+02
 1096.8662     2.472326e+03     3.065289e+02
 1097.9088     2.202849e+03     2.731180e+02
 1098.9515     1.970857e+03     2.443547e+02
 1099.9941     1.848645e+03     2.292025e+02
 1101.0368     1.868902e+03     2.317139e+02
 1102.0794     2.032041e+03     2.519406e+02
 1103.1221     2.320957e+03     2.877616e+02
 1104.1647     2.717029e+03     3.368682e+02
 1105.2074     3.201968e+03     3.969928e+02
 1106.2500     3.741272e+03     4.638578e+02
 1107.2927     4.274132e+03     5.299240e+02
 1108.3353     4.732685e+03     5.867772e+02
 1109.3780     5.075519e+03     6.292831e+02
 1110.4206     5.302557e+03     6.574322e+02
 1111.4633     5.444705e+03     6.750563e+02
 1112.5059     5.544980e+03     6.874888e+02
 1113.5486     5.636988e+03     6.988963e+02
 1114.5912     5.718470e+03     7.089988e+02
 1115.6339     5.739455e+03     7.116006e+02
 1116.6765     5.631765e+03     6.982487e+02
 1117.7191     5.362329e+03     6.648430e+02
 1118.7618     4.953190e+03     6.141163e+02
 1119.8044     4.447334e+03     5.513982e+02
 1120.8471     3.871070e+03     4.799507e+02
 1121.8897     3.244721e+03     4.022934e+02
 1122.9324     2.618204e+03     3.246154e+02
 1123.9750     2.068199e+03     2.564236e+02
 1125.0177     1.649022e+03     2.044523e+02
 1126.0603     1.356770e+03     1.682178e+02
 1127.1030     1.148221e+03     1.423610e+02
 1128.1456     9.847375e+02     1.220917e+02
 1129.1883     8.501067e+02     1.053996e+02
 1130.2309     7.377834e+02     9.147334e+01
 1131.2736     6.398850e+02     7.933550e+01
 1132.3162     5.520883e+02     6.845012e+01
 1133.3589     4.781664e+02     5.928498e+01
 1134.4015     4.228317e+02     5.242436e+01
 1135.4442     3.838444e+02     4.759057e+01
 1136.4868     3.545128e+02     4.395391e+01
 1137.5295     3.303841e+02     4.096234e+01
 1138.5721     3.100320e+02     3.843900e+01
 1139.6148     2.921241e+02     3.621871e+01
 1140.6574     2.760390e+02     3.422443e+01
 1141.7001     2.646361e+02     3.281064e+01
 1142.7427     2.627137e+02     3.257229e+01
 1143.7854     2.717796e+02     3.369632e+01
 1144.8280     2.882012e+02     3.573233e+01
 1145.8707     3.072135e+02     3.808955e+01
 1146.9133     3.276208e+02     4.061973e+01
 1147.9560     3.525439e+02     4.370980e+01
 1148.9986     3.875372e+02     4.804841e+01
 1150.0413     4.392867e+02     5.446453e+01
 1151.0839     5.151814e+02     6.387426e+01
 1152.1265     6.228234e+02     7.722013e+01
 1153.1692     7.696907e+02     9.542934e+01
 1154.2118     9.613821e+02     1.191960e+02
 1155.2545     1.194237e+03     1.480663e+02
 1156.2971     1.444680e+03     1.791172e+02
 1157.3398     1.670768e+03     2.071485e+02
 1158.3824     1.838718e+03     2.279717e+02
 1159.4251     1.958121e+03     2.427757e+02
 1160.4677     2.085783e+03     2.586037e+02
 1161.5104     2.280799e+03     2.827826e+02
 1162.5530     2.547616e+03     3.158636e+02
 1163.5957     2.822992e+03     3.500058e+02
 1164.6383     3.018062e+03     3.741914e+02
 1165.6810     3.074569e+03     3.811973e+02
 1166.7236     2.997246e+03     3.716105e+02
 1167.7663     2.859718e+03     3.545592e+02
 1168.8089     2.785763e+03     3.453900e+02
 1169.8516     2.889555e+03     3.582586e+02
 1170.8942     3.184485e+03     3.948252e+02
 1171.9369     3.535165e+03     4.383039e+02
 1172.9795     3.728278e+03     4.622468e+02
 1174.0222     3.628897e+03     4.499252e+02
 1175.0648     3.283828e+03     4.071421e+02
 1176.1075     2.872900e+03     3.561936e+02
 1177.1501     2.562092e+03     3.176584e+02
 1178.1928     2.403659e+03     2.980153e+02
 1179.2354     2.359993e+03     2.926014e+02
 1180.2781     2.391898e+03     2.965571e+02
 1181.3207     2.502687e+03     3.102932e+02
 1182.3634     2.703891e+03     3.352392e+02
 1183.4060     2.966112e+03     3.677505e+02
 1184.4487     3.228038e+03     4.002251e+02
 1185.4913     3.453178e+03     4.281388e+02
 1186.5339     3.654685e+03     4.531225e+02
 1187.5766     3.852801e+03     4.776857e+02
 1188.6192     4.039871e+03     5.008793e+02
 1189.6619     4.238029e+03     5.254478e+02
 1190.7045     4.585854e+03     5.685725e+02
 1191.7472     5.275415e+03     6.540671e+02
 1192.7898     6.302200e+03     7.813719e+02
 1193.8325     7.276976e+03     9.022286e+02
 1194.8751     7.591307e+03     9.412006e+02
 1195.9178     6.876837e+03     8.526178e+02
 1196.9604     5.331653e+03     6.610396e+02
 1198.0031     3.577980e+03     4.436123e+02
 1199.0457     2.194720e+03     2.721102e+02
 1200.0884     1.377418e+03     1.707778e+02
 1201.1310     9.803972e+02     1.215536e+02
 1202.1737     7.795144e+02     9.664731e+01
 1203.2163     6.506687e+02     8.067251e+01
 1204.2590     5.634898e+02     6.986373e+01
 1205.3016     5.079690e+02     6.298003e+01
 1206.3443     4.675131e+02     5.796414e+01
 1207.3869     4.315829e+02     5.350937e+01
 1208.4296     3.992686e+02     4.950291e+01
 1209.4722     3.699582e+02     4.586890e+01
 1210.5149     3.417777e+02     4.237497e+01
 1211.5575     3.167668e+02     3.927402e+01
 1212.6002     2.996821e+02     3.715578e+01
 1213.6428     2.920290e+02     3.620692e+01
 1214.6855     2.903551e+02     3.599939e+01
 1215.7281     2.888738e+02     3.581573e+01
 1216.7708     2.831555e+02     3.510675e+01
 1217.8134     2.748449e+02     3.407637e+01
 1218.8560     2.728259e+02     3.382605e+01
 1219.8987     2.856444e+02     3.541533e+01
 1220.9413     3.178115e+02     3.940354e+01
 1221.9840     3.900569e+02     4.836082e+01
 1223.0266     5.694843e+02     7.060694e+01
 1224.0693     9.591985e+02     1.189253e+02
 1225.1119     1.626261e+03     2.016303e+02
 1226.1546     2.522544e+03     3.127551e+02
 1227.1972     3.475149e+03     4.308629e+02
 1228.2399     4.255203e+03     5.275771e+02
 1229.2825     4.664514e+03     5.783252e+02
 1230.3252     4.592197e+03     5.693590e+02
 1231.3678     4.046112e+03     5.016532e+02
 1232.4105     3.166579e+03     3.926051e+02
 1233.4531     2.192564e+03     2.718428e+02
 1234.4958     1.362324e+03     1.689064e+02
 1235.5384     8.033460e+02     9.960206e+01
 1236.5811     5.004372e+02     6.204621e+01
 1237.6237     3.625151e+02     4.494607e+01
 1238.6664     3.138421e+02     3.891140e+01
 1239.7090     3.281567e+02     4.068618e+01
 1240.7517     4.015502e+02     4.978580e+01
 1241.7943     5.183259e+02     6.426411e+01
 1242.8370     6.455752e+02     8.004099e+01
 1243.8796     7.458137e+02     9.246897e+01
 1244.9223     7.875623e+02     9.764512e+01
 1245.9649     7.539382e+02     9.347627e+01
 1247.0076     6.538359e+02     8.106519e+01
 1248.0502     5.244668e+02     6.502549e+01
 1249.0929     4.124989e+02     5.114326e+01
 1250.1355     3.443624e+02     4.269543e+01
 1251.1782     3.127184e+02     3.877208e+01
 1252.2208     2.909426e+02     3.607222e+01
 1253.2634     2.590026e+02     3.211217e+01
 1254.3061     2.161618e+02     2.680060e+01
 1255.3487     1.737774e+02     2.154561e+01
 1256.3914     1.410569e+02     1.748880e+01
 1257.4340     1.184265e+02     1.468299e+01
 1258.4767     1.011958e+02     1.254666e+01
 1259.5193     8.616770e+01     1.068342e+01
 1260.5620     7.395837e+01     9.169655e+00
 1261.6046     6.637320e+01     8.229215e+00
 1262.6473     6.320625e+01     7.836563e+00
 1263.6899     6.211278e+01     7.700991e+00
 1264.7326     6.098225e+01     7.560823e+00
 1265.7752     5.970067e+01     7.401927e+00
 1266.8179     5.957418e+01     7.386245e+00
 1267.8605     6.143387e+01     7.616818e+00
 1268.9032     6.435233e+01     7.978659e+00
 1269.9458     6.597501e+01     8.179846e+00
 1270.9885     6.432816e+01     7.975663e+00
 1272.0311     5.992073e+01     7.429211e+00
 1273.0738     5.607252e+01     6.952095e+00
 1274.1164     5.627970e+01     6.977782e+00
 1275.1591     6.060249e+01     7.513739e+00
 1276.2017     6.508243e+01     8.069180e+00
 1277.2444     6.545792e+01     8.115735e+00
 1278.2870     6.141102e+01     7.613983e+00
 1279.3297     5.673321e+01     7.034010e+00
 1280.3723     5.556551e+01     6.889234e+00
 1281.4150     5.906106e+01     7.322626e+00
 1282.4576     6.533792e+01     8.100857e+00
 1283.5003     7.149753e+01     8.864550e+00
 1284.5429     7.563016e+01     9.376929e+00
 1285.5856     7.864798e+01     9.751092e+00
 1286.6282     8.551350e+01     1.060231e+01
 1287.6708     1.030747e+02     1.277961e+01
 1288.7135     1.332795e+02     1.652453e+01
 1289.7561     1.671501e+02     2.072394e+01
 1290.7988     1.878008e+02     2.328429e+01
 1291.8414     1.828704e+02     2.267300e+01
 1292.8841     1.552532e+02     1.924892e+01
 1293.9267     1.207458e+02     1.497054e+01
 1294.9694     9.458485e+01     1.172701e+01
 1296.0120     8.061336e+01     9.994767e+00
 1297.0547     7.288515e+01     9.036593e+00
 1298.0973     6.525210e+01     8.090216e+00
 1299.1400     5.731495e+01     7.106137e+00
 1300.1826     5.204696e+01     6.452990e+00
 1301.2253     5.065468e+01     6.280369e+00
 1302.2679     5.134493e+01     6.365950e+00
 1303.3106     5.191299e+01     6.436380e+00
 1304.3532     5.172241e+01     6.412751e+00
 1305.3959     5.106845e+01     6.331671e+00
 1306.4385     4.987746e+01     6.184007e+00
 1307.4812     4.777553e+01     5.923401e+00
 1308.5238     4.498523e+01     5.577449e+00
 1309.5665     4.245744e+01     5.264043e+00
 1310.6091     4.101678e+01     5.085424e+00
 1311.6518     4.065609e+01     5.040704e+00
 1312.6944     4.075331e+01     5.052758e+00
 1313.7371     4.077295e+01     5.055193e+00
 1314.7797     4.061798e+01     5.035980e+00
 1315.8224     4.049062e+01     5.020190e+00
 1316.8650     4.072605e+01     5.049379e+00
 1317.9077     4.175557e+01     5.177022e+00
 1318.9503     4.388998e+01     5.441655e+00
 1319.9929     4.702567e+01     5.830431e+00
 1321.0356     5.092372e+01     6.313727e+00
 1322.0782     5.594463e+01     6.936239e+00
 1323.1209     6.305634e+01     7.817977e+00
 1324.1635     7.317313e+01     9.072297e+00
 1325.2062     8.824630e+01     1.094113e+01
 1326.2488     1.147887e+02     1.423197e+01
 1327.2915     1.643329e+02     2.037465e+01
 1328.3341     2.440657e+02     3.026025e+01
 1329.3768     3.417205e+02     4.236788e+01
 1330.4194     4.215882e+02     5.227019e+01
 1331.4621     4.437152e+02     5.501359e+01
 1332.5047     3.945472e+02     4.891754e+01
 1333.5474     3.002642e+02     3.722796e+01
 1334.5900     2.075895e+02     2.573778e+01
 1335.6327     1.494112e+02     1.852459e+01
 1336.6753     1.273722e+02     1.579211e+01
 1337.7180     1.236137e+02     1.532612e+01
 1338.7606     1.234765e+02     1.530912e+01
 1339.8033     1.249344e+02     1.548987e+01
 1340.8459     1.312546e+02     1.627347e+01
 1341.8886     1.419872e+02     1.760414e+01
 1342.9312     1.534033e+02     1.901955e+01
 1343.9739     1.640452e+02     2.033899e+01
 1345.0165     1.762107e+02     2.184731e+01
 1346.0592     1.926529e+02     2.388587e+01
 1347.1018     2.142549e+02     2.656417e+01
 1348.1445     2.407149e+02     2.984480e+01
 1349.1871     2.708302e+02     3.357862e+01
 1350.2298     3.007602e+02     3.728945e+01
 1351.2724     3.235083e+02     4.010985e+01
 1352.3151     3.321652e+02     4.118317e+01
 1353.3577     3.243158e+02     4.020998e+01
 1354.4003     3.033625e+02     3.761210e+01
 1355.4430     2.762202e+02     3.424689e+01
 1356.4856     2.500514e+02     3.100238e+01
 1357.5283     2.300602e+02     2.852378e+01
 1358.5709     2.187521e+02     2.712176e+01
 1359.6136     2.167916e+02     2.687869e+01
 1360.6562     2.248255e+02     2.787477e+01
 1361.6989     2.440219e+02     3.025481e+01
 1362.7415     2.741103e+02     3.398529e+01
 1363.7842     3.118933e+02     3.866978e+01
 1364.8268     3.544879e+02     4.395083e+01
 1365.8695     4.060673e+02     5.034585e+01
 1366.9121     4.810251e+02     5.963942e+01
 1367.9548     5.994783e+02     7.432572e+01
 1368.9974     7.807462e+02     9.680004e+01
 1370.0401     1.043639e+03     1.293945e+02
 1371.0827     1.411471e+03     1.749998e+02
 1372.1254     1.905504e+03     2.362520e+02
 1373.1680     2.513790e+03     3.116697e+02
 1374.2107     3.149863e+03     3.905326e+02
 1375.2533     3.644513e+03     4.518613e+02
 1376.2960     3.806291e+03     4.719191e+02
 1377.3386     3.531746e+03     4.378800e+02
 1378.3813     2.887629e+03     3.580198e+02
 1379.4239     2.089777e+03     2.590989e+02
 1380.4666     1.381965e+03     1.713415e+02
 1381.5092     9.047685e+02     1.121768e+02
 1382.5519     6.518523e+02     8.081926e+01
 1383.5945     5.297322e+02     6.567832e+01
 1384.6372     4.504869e+02     5.585317e+01
 1385.6798     3.787229e+02     4.695558e+01
 1386.7225     3.173894e+02     3.935121e+01
 1387.7651     2.738430e+02     3.395215e+01
 1388.8077     2.453225e+02     3.041607e+01
 1389.8504     2.249495e+02     2.789014e+01
 1390.8930     2.085475e+02     2.585655e+01
 1391.9357     1.938542e+02     2.403481e+01
 1392.9783     1.793455e+02     2.223598e+01
 1394.0210     1.673612e+02     2.075011e+01
 1395.0636     1.653269e+02     2.049789e+01
 1396.1063     1.794600e+02     2.225017e+01
 1397.1489     2.066916e+02     2.562645e+01
 1398.1916     2.350963e+02     2.914818e+01
 1399.2342     2.534478e+02     3.142348e+01
 1400.2769     2.594180e+02     3.216369e+01
 1401.3195     2.580349e+02     3.199220e+01
 1402.3622     2.541123e+02     3.150586e+01
 1403.4048     2.486039e+02     3.082290e+01
 1404.4475     2.420591e+02     3.001146e+01
 1405.4901     2.385839e+02     2.958058e+01
 1406.5328     2.437394e+02     3.021979e+01
 1407.5754     2.586097e+02     3.206346e+01
 1408.6181     2.776331e+02     3.442206e+01
 1409.6607     2.930879e+02     3.633821e+01
 1410.7034     3.010737e+02     3.732832e+01
 1411.7460     3.026772e+02     3.752713e+01
 1412.7887     3.004026e+02     3.724511e+01
 1413.8313     2.952471e+02     3.660592e+01
 1414.8740     2.877386e+02     3.567498e+01
 1415.9166     2.804693e+02     3.477371e+01
 1416.9593     2.780207e+02     3.447012e+01
 1418.0019     2.841117e+02     3.522530e+01
 1419.0446     2.990961e+02     3.708314e+01
 1420.0872     3.194703e+02     3.960920e+01
 1421.1299     3.387387e+02     4.199817e+01
 1422.1725     3.501273e+02     4.341018e+01
 1423.2151     3.523306e+02     4.368336e+01
 1424.2578     3.545353e+02     4.395671e+01
 1425.3004     3.724830e+02     4.618194e+01
 1426.3431     4.144460e+02     5.138467e+01
 1427.3857     4.701771e+02     5.829444e+01
 1428.4284     5.169846e+02     6.409782e+01
 1429.4710     5.384288e+02     6.675655e+01
 1430.5137     5.352303e+02     6.636000e+01
 1431.5563     5.176558e+02     6.418104e+01
 1432.5990     4.921065e+02     6.101334e+01
 1433.6416     4.597242e+02     5.699845e+01
 1434.6843     4.254087e+02     5.274387e+01
 1435.7269     4.006712e+02     4.967681e+01
 1436.7696     3.941966e+02     4.887407e+01
 1437.8122     4.028939e+02     4.995240e+01
 1438.8549     4.157246e+02     5.154320e+01
 1439.8975     4.247922e+02     5.266744e+01
 1440.9402     4.293537e+02     5.323299e+01
 1441.9828     4.299380e+02     5.330543e+01
 1443.0255     4.241677e+02     5.259001e+01
 1444.0681     4.132983e+02     5.124238e+01
 1445.1108     4.124051e+02     5.113164e+01
 1446.1534     4.481417e+02     5.556240e+01
 1447.1961     5.387665e+02     6.679842e+01
 1448.2387     6.720244e+02     8.332027e+01
 1449.2814     8.043894e+02     9.973142e+01
 1450.3240     8.879454e+02     1.100910e+02
 1451.3667     9.038850e+02     1.120673e+02
 1452.4093     8.734988e+02     1.082999e+02
 1453.4520     8.386962e+02     1.039849e+02
 1454.4946     8.318825e+02     1.031401e+02
 1455.5372     8.604374e+02     1.066805e+02
 1456.5799     9.125192e+02     1.131378e+02
 1457.6225     9.721529e+02     1.205314e+02
 1458.6652     1.030193e+03     1.277275e+02
 1459.7078     1.087815e+03     1.348717e+02
 1460.7505     1.154989e+03     1.432002e+02
 1461.7931     1.244012e+03     1.542375e+02
 1462.8358     1.357591e+03     1.683196e+02
 1463.8784     1.479167e+03     1.833930e+02
 1464.9211     1.579343e+03     1.958133e+02
 1465.9637     1.639977e+03     2.033310e+02
 1467.0064     1.674109e+03     2.075627e+02
 1468.0490     1.720087e+03     2.132632e+02
 1469.0917     1.822899e+03     2.260103e+02
 1470.1343     2.036573e+03     2.525025e+02
 1471.1770     2.442611e+03     3.028447e+02
 1472.2196     3.130119e+03     3.880846e+02
 1473.2623     4.123386e+03     5.112338e+02
 1474.3049     5.349811e+03     6.632909e+02
 1475.3476     6.742250e+03     8.359311e+02
 1476.3902     8.389325e+03     1.040142e+03
 1477.4329     1.050299e+04     1.302202e+03
 1478.4755     1.313757e+04     1.628848e+03
 1479.5182     1.595178e+04     1.977766e+03
 1480.5608     1.837603e+04     2.278333e+03
 1481.6035     2.011463e+04     2.493892e+03
 1482.6461     2.143805e+04     2.657975e+03
 1483.6888     2.285187e+04     2.833266e+03
 1484.7314     2.442786e+04     3.028664e+03
 1485.7741     2.554234e+04     3.166841e+03
 1486.8167     2.537538e+04     3.146142e+03
 1487.8594     2.367929e+04     2.935853e+03
 1488.9020     2.100606e+04     2.604415e+03
 1489.9446     1.817713e+04     2.253673e+03
 1490.9873     1.559612e+04     1.933669e+03
 1492.0299     1.311795e+04     1.626416e+03
 1493.0726     1.051430e+04     1.303605e+03
 1494.1152     7.931194e+03     9.833412e+02
 1495.1579     5.828474e+03     7.226375e+02
 1496.2005     4.530356e+03     5.616916e+02
 1497.2432     3.924487e+03     4.865735e+02
 1498.2858     3.608315e+03     4.473733e+02
 1499.3285     3.263121e+03     4.045748e+02
 1500.3711     2.850300e+03     3.533916e+02
 1501.4138     2.500773e+03     3.100558e+02
 1502.4564     2.302724e+03     2.855009e+02
 1503.4991     2.218617e+03     2.750730e+02
 1504.5417     2.150677e+03     2.666496e+02
 1505.5844     2.029076e+03     2.515729e+02
 1506.6270     1.840255e+03     2.281621e+02
 1507.6697     1.611295e+03     1.997747e+02
 1508.7123     1.387736e+03     1.720571e+02
 1509.7550     1.211853e+03     1.502503e+02
 1510.7976     1.101449e+03     1.365620e+02
 1511.8403     1.043168e+03     1.293361e+02
 1512.8829     1.006785e+03     1.248253e+02
 1513.9256     9.649259e+02     1.196354e+02
 1514.9682     9.019776e+02     1.118308e+02
 1516.0109     8.141459e+02     1.009411e+02
 1517.0535     7.086160e+02     8.785705e+01
 1518.0962     6.006625e+02     7.447254e+01
 1519.1388     5.057081e+02     6.269971e+01
 1520.1815     4.318299e+02     5.354000e+01
 1521.2241     3.791738e+02     4.701148e+01
 1522.2668     3.439654e+02     4.264621e+01
 1523.3094     3.216567e+02     3.988029e+01
 1524.3520     3.086770e+02     3.827100e+01
 1525.3947     3.035037e+02     3.762960e+01
 1526.4373     3.053056e+02     3.785301e+01
 1527.4800     3.120173e+02     3.868516e+01
 1528.5226     3.241459e+02     4.018891e+01
 1529.5653     3.526687e+02     4.372528e+01
 1530.6079     4.179855e+02     5.182352e+01
 1531.6506     5.341826e+02     6.623009e+01
 1532.6932     6.933915e+02     8.596945e+01
 1533.7359     8.677129e+02     1.075825e+02
 1534.7785     1.024587e+03     1.270323e+02
 1535.8212     1.137507e+03     1.410327e+02
 1536.8638     1.187027e+03     1.471724e+02
 1537.9065     1.163027e+03     1.441967e+02
 1538.9491     1.072129e+03     1.329269e+02
 1539.9918     9.388338e+02     1.164004e+02
 1541.0344     7.935440e+02     9.838676e+01
 1542.0771     6.583810e+02     8.162871e+01
 1543.1197     5.438936e+02     6.743411e+01
 1544.1624     4.545053e+02     5.635139e+01
 1545.2050     3.923910e+02     4.865020e+01
 1546.2477     3.572340e+02     4.429130e+01
 1547.2903     3.462560e+02     4.293021e+01
 1548.3330     3.558228e+02     4.411633e+01
 1549.3756     3.829031e+02     4.747386e+01
 1550.4183     4.265520e+02     5.288562e+01
 1551.4609     4.887623e+02     6.059871e+01
 1552.5036     5.724018e+02     7.096867e+01
 1553.5462     6.817887e+02     8.453089e+01
 1554.5889     8.374734e+02     1.038333e+02
 1555.6315     1.096468e+03     1.359445e+02
 1556.6742     1.538260e+03     1.907196e+02
 1557.7168     2.192741e+03     2.718648e+02
 1558.7594     2.959786e+03     3.669661e+02
 1559.8021     3.616276e+03     4.483603e+02
 1560.8447     3.941329e+03     4.886617e+02
 1561.8874     3.864477e+03     4.791333e+02
 1562.9300     3.502338e+03     4.342338e+02
 1563.9727     3.055570e+03     3.788418e+02
 1565.0153     2.671994e+03     3.312845e+02
 1566.0580     2.393338e+03     2.967356e+02
 1567.1006     2.195606e+03     2.722200e+02
 1568.1433     2.045937e+03     2.536635e+02
 1569.1859     1.920918e+03     2.381630e+02
 1570.2286     1.802632e+03     2.234975e+02
 1571.2712     1.685778e+03     2.090094e+02
 1572.3139     1.587305e+03     1.968005e+02
 1573.3565     1.529712e+03     1.896598e+02
 1574.3992     1.506594e+03     1.867935e+02
 1575.4418     1.475893e+03     1.829871e+02
 1576.4845     1.399930e+03     1.735690e+02
 1577.5271     1.290448e+03     1.599949e+02
 1578.5698     1.203852e+03     1.492584e+02
 1579.6124     1.188356e+03     1.473372e+02
 1580.6551     1.240011e+03     1.537415e+02
 1581.6977     1.310257e+03     1.624509e+02
 1582.7404     1.347077e+03     1.670159e+02
 1583.7830     1.323618e+03     1.641074e+02
 1584.8257     1.238726e+03     1.535822e+02
 1585.8683     1.109663e+03     1.375805e+02
 1586.9110     9.699676e+02     1.202605e+02
 1587.9536     8.589830e+02     1.065001e+02
 1588.9963     7.953408e+02     9.860953e+01
 1590.0389     7.589354e+02     9.409584e+01
 1591.0815     7.098038e+02     8.800431e+01
 1592.1242     6.307311e+02     7.820056e+01
 1593.1668     5.466478e+02     6.777558e+01
 1594.2095     4.976803e+02     6.170439e+01
 1595.2521     4.973013e+02     6.165741e+01
 1596.2948     5.231543e+02     6.486276e+01
 1597.3374     5.465614e+02     6.776487e+01
 1598.3801     5.616710e+02     6.963822e+01
 1599.4227     5.814571e+02     7.209138e+01
 1600.4654     6.124577e+02     7.593496e+01
 1601.5080     6.442925e+02     7.988196e+01
 1602.5507     6.655116e+02     8.251279e+01
 1603.5933     6.800811e+02     8.431917e+01
 1604.6360     6.999672e+02     8.678474e+01
 1605.6786     7.274173e+02     9.018811e+01
 1606.7213     7.608874e+02     9.433786e+01
 1607.7639     8.256360e+02     1.023657e+02
 1608.8066     9.829892e+02     1.218749e+02
 1609.8492     1.282506e+03     1.590102e+02
 1610.8919     1.693179e+03     2.099271e+02
 1611.9345     2.097010e+03     2.599957e+02
 1612.9772     2.375877e+03     2.945707e+02
 1614.0198     2.515868e+03     3.119273e+02
 1615.0625     2.620623e+03     3.249153e+02
 1616.1051     2.820367e+03     3.496803e+02
 1617.1478     3.182071e+03     3.945259e+02
 1618.1904     3.720833e+03     4.613238e+02
 1619.2331     4.478750e+03     5.552934e+02
 1620.2757     5.538595e+03     6.866972e+02
 1621.3184     6.914224e+03     8.572532e+02
 1622.3610     8.435282e+03     1.045840e+03
 1623.4037     9.798021e+03     1.214798e+03
 1624.4463     1.078431e+04     1.337082e+03
 1625.4889     1.143283e+04     1.417488e+03
 1626.5316     1.195490e+04     1.482217e+03
 1627.5742     1.245660e+04     1.544419e+03
 1628.6169     1.276599e+04     1.582779e+03
 1629.6595     1.257489e+04     1.559085e+03
 1630.7022     1.175924e+04     1.457958e+03
 1631.7448     1.053226e+04     1.305832e+03
 1632.7875     9.264925e+03     1.148702e+03
 1633.8301     8.179489e+03     1.014126e+03
 1634.8728     7.250429e+03     8.989372e+02
 1635.9154     6.386418e+03     7.918136e+02
 1636.9581     5.635051e+03     6.986562e+02
 1638.0007     5.148168e+03     6.382905e+02
 1639.0434     4.962750e+03     6.153016e+02
 1640.0860     4.892626e+03     6.066073e+02
 1641.1287     4.693605e+03     5.819319e+02
 1642.1713     4.325678e+03     5.363149e+02
 1643.2140     4.005905e+03     4.966681e+02
 1644.2566     3.978729e+03     4.932988e+02
 1645.2993     4.245783e+03     5.264092e+02
 1646.3419     4.535030e+03     5.622711e+02
 1647.3846     4.530569e+03     5.617181e+02
 1648.4272     4.133425e+03     5.124785e+02
 1649.4699     3.527459e+03     4.373485e+02
 1650.5125     3.027695e+03     3.753858e+02
 1651.5552     2.863429e+03     3.550194e+02
 1652.5978     3.061043e+03     3.795204e+02
 1653.6405     3.480500e+03     4.315263e+02
 1654.6831     3.936736e+03     4.880922e+02
 1655.7258     4.291066e+03     5.320235e+02
 1656.7684     4.456876e+03     5.525814e+02
 1657.8111     4.370594e+03     5.418838e+02
 1658.8537     4.012695e+03     4.975100e+02
 1659.8963     3.472016e+03     4.304744e+02
 1660.9390     2.945054e+03     3.651396e+02
 1661.9816     2.609184e+03     3.234971e+02
 1663.0243     2.474055e+03     3.067432e+02
 1664.0669     2.380161e+03     2.951018e+02
 1665.1096     2.163205e+03     2.682029e+02
 1666.1522     1.810819e+03     2.245126e+02
 1667.1949     1.449823e+03     1.797548e+02
 1668.2375     1.201895e+03     1.490157e+02
 1669.2802     1.079667e+03     1.338615e+02
 1670.3228     1.015489e+03     1.259044e+02
 1671.3655     9.528242e+02     1.181350e+02
 1672.4081     8.874963e+02     1.100353e+02
 1673.4508     8.362492e+02     1.036815e+02
 1674.4934     7.941740e+02     9.846486e+01
 1675.5361     7.365435e+02     9.131961e+01
 1676.5787     6.625868e+02     8.215016e+01
 1677.6214     6.324388e+02     7.841230e+01
 1678.6640     7.430848e+02     9.213063e+01
 1679.7067     1.037140e+03     1.285888e+02
 1680.7493     1.418923e+03     1.759237e+02
 1681.7920     1.680471e+03     2.083515e+02
 1682.8346     1.648312e+03     2.043643e+02
 1683.8773     1.325288e+03     1.643145e+02
 1684.9199     8.863497e+02     1.098932e+02
 1685.9626     5.323091e+02     6.599782e+01
 1687.0052     3.480536e+02     4.315307e+01
 1688.0479     2.882657e+02     3.574033e+01
 1689.0905     2.677970e+02     3.320255e+01
 1690.1332     2.435167e+02     3.019217e+01
 1691.1758     2.203738e+02     2.732283e+01
 1692.2184     2.103795e+02     2.608369e+01
 1693.2611     2.073066e+02     2.570270e+01
 1694.3037     1.991361e+02     2.468969e+01
 1695.3464     1.883222e+02     2.334894e+01
 1696.3890     1.854992e+02     2.299893e+01
 1697.4317     1.901715e+02     2.357823e+01
 1698.4743     2.118133e+02     2.626146e+01
 1699.5170     3.404555e+02     4.221103e+01
 1700.5596     7.698350e+02     9.544722e+01
 1701.6023     1.660713e+03     2.059019e+02
 1702.6449     2.902984e+03     3.599236e+02
 1703.6876     4.029544e+03     4.995990e+02
 1704.7302     4.466626e+03     5.537901e+02
 1705.7729     3.964129e+03     4.914886e+02
 1706.8155     2.808372e+03     3.481932e+02
 1707.8582     1.600372e+03     1.984206e+02
 1708.9008     8.124764e+02     1.007341e+02
 1709.9435     5.294754e+02     6.564648e+01
 1710.9861     5.421096e+02     6.721291e+01
 1712.0288     6.063048e+02     7.517209e+01
 1713.0714     6.024840e+02     7.469838e+01
 1714.1141     5.261767e+02     6.523749e+01
 1715.1567     4.161759e+02     5.159916e+01
 1716.1994     3.122264e+02     3.871107e+01
 1717.2420     2.412018e+02     2.990517e+01
 1718.2847     2.070874e+02     2.567553e+01
 1719.3273     1.917529e+02     2.377429e+01
 1720.3700     1.749530e+02     2.169137e+01
 1721.4126     1.529274e+02     1.896055e+01
 1722.4553     1.343634e+02     1.665891e+01
 1723.4979     1.241067e+02     1.538725e+01
 1724.5406     1.180751e+02     1.463942e+01
 1725.5832     1.116118e+02     1.383808e+01
 1726.6258     1.054912e+02     1.307922e+01
 1727.6685     1.026027e+02     1.272109e+01
 1728.7111     1.032482e+02     1.280113e+01
 1729.7538     1.055355e+02     1.308472e+01
 1730.7964     1.079424e+02     1.338313e+01
 1731.8391     1.099588e+02     1.363314e+01
 1732.8817     1.114708e+02     1.382059e+01
 1733.9244     1.124534e+02     1.394242e+01
 1734.9670     1.125481e+02     1.395417e+01
 1736.0097     1.106194e+02     1.371504e+01
 1737.0523     1.056246e+02     1.309576e+01
 1738.0950     9.835258e+01     1.219415e+01
 1739.1376     9.157824e+01     1.135424e+01
 1740.1803     8.788231e+01     1.089600e+01
 1741.2229     8.740734e+01     1.083711e+01
 1742.2656     8.779582e+01     1.088528e+01
 1743.3082     8.611040e+01     1.067631e+01
 1744.3509     8.101403e+01     1.004444e+01
 1745.3935     7.368379e+01     9.135611e+00
 1746.4362     6.686909e+01     8.290698e+00
 1747.4788     6.285374e+01     7.792858e+00
 1748.5215     6.206627e+01     7.695224e+00
 1749.5641     6.331274e+01     7.849767e+00
 1750.6068     6.487721e+01     8.043736e+00
 1751.6494     6.551125e+01     8.122347e+00
 1752.6921     6.537397e+01     8.105327e+00
 1753.7347     6.669480e+01     8.269089e+00
 1754.7774     7.277827e+01     9.023341e+00
 1755.8200     8.520322e+01     1.056384e+01
 1756.8627     1.019259e+02     1.263718e+01
 1757.9053     1.185584e+02     1.469934e+01
 1758.9480     1.311338e+02     1.625849e+01
 1759.9906     1.374720e+02     1.704433e+01
 1761.0332     1.378133e+02     1.708665e+01
 1762.0759     1.366671e+02     1.694453e+01
 1763.1185     1.430384e+02     1.773447e+01
 1764.1612     1.639356e+02     2.032540e+01
 1765.2038     1.942032e+02     2.407809e+01
 1766.2465     2.149736e+02     2.665328e+01
 1767.2891     2.072458e+02     2.569516e+01
 1768.3318     1.692548e+02     2.098489e+01
 1769.3744     1.191210e+02     1.476910e+01
 1770.4171     7.945061e+01     9.850604e+00
 1771.4597     6.028506e+01     7.474383e+00
 1772.5024     5.665422e+01     7.024216e+00
 1773.5450     5.877611e+01     7.287297e+00
 1774.5877     6.080158e+01     7.538423e+00
 1775.6303     6.083512e+01     7.542581e+00
 1776.6730     5.765171e+01     7.147890e+00
 1777.7156     5.078235e+01     6.296199e+00
 1778.7583     4.249005e+01     5.268086e+00
 1779.8009     3.672681e+01     4.553537e+00
 1780.8436     3.540846e+01     4.390083e+00
 1781.8862     3.677839e+01     4.559932e+00
 1782.9289     3.775664e+01     4.681219e+00
 1783.9715     3.711088e+01     4.601155e+00
 1785.0142     3.603812e+01     4.468151e+00
 1786.0568     3.629331e+01     4.499789e+00
 1787.0995     3.819605e+01     4.735699e+00
 1788.1421     4.025712e+01     4.991238e+00
 1789.1848     4.060913e+01     5.034882e+00
 1790.2274     3.888791e+01     4.821478e+00
 1791.2701     3.645989e+01     4.520443e+00
 1792.3127     3.456005e+01     4.284893e+00
 1793.3554     3.289800e+01     4.078826e+00
 1794.3980     3.094255e+01     3.836382e+00
 1795.4406     2.967559e+01     3.679299e+00
 1796.4833     3.013639e+01     3.736430e+00
 1797.5259     3.078687e+01     3.817079e+00
 1798.5686     3.012972e+01     3.735603e+00
 1799.6112     3.402301e+01     4.218309e+00
 1800.6539     5.621637e+01     6.969930e+00
 1801.6965     1.045626e+02     1.296409e+01
 1802.7392     1.648679e+02     2.044098e+01
 1803.7818     2.040482e+02     2.529871e+01
 1804.8245     1.958153e+02     2.427796e+01
 1805.8671     1.445147e+02     1.791751e+01
 1806.9098     8.153309e+01     1.010880e+01
 1807.9524     3.803254e+01     4.715426e+00
 1808.9951     2.253143e+01     2.793537e+00
 1810.0377     2.310490e+01     2.864638e+00
 1811.0804     2.542923e+01     3.152818e+00
 1812.1230     2.483507e+01     3.079152e+00
 1813.1657     2.383549e+01     2.955219e+00
 1814.2083     2.438032e+01     3.022769e+00
 1815.2510     2.541187e+01     3.150665e+00
 1816.2936     2.566524e+01     3.182079e+00
 1817.3363     2.574400e+01     3.191844e+00
 1818.3789     2.707656e+01     3.357061e+00
 1819.4216     3.006917e+01     3.728096e+00
 1820.4642     3.365256e+01     4.172378e+00
 1821.5069     3.610325e+01     4.476226e+00
 1822.5495     3.622800e+01     4.491692e+00
 1823.5922     3.425690e+01     4.247308e+00
 1824.6348     3.178713e+01     3.941096e+00
 1825.6775     3.058549e+01     3.792111e+00
 1826.7201     3.126859e+01     3.876804e+00
 1827.7627     3.313604e+01     4.108339e+00
 1828.8054     3.503359e+01     4.343605e+00
 1829.8480     3.603798e+01     4.468133e+00
 1830.8907     3.550034e+01     4.401474e+00
 1831.9333     3.312443e+01     4.106900e+00
 1832.9760     2.940487e+01     3.645733e+00
 1834.0186     2.569526e+01     3.185801e+00
 1835.0613     2.337587e+01     2.898234e+00
 1836.1039     2.284692e+01     2.832652e+00
 1837.1466     2.344095e+01     2.906302e+00
 1838.1892     2.426670e+01     3.008683e+00
 1839.2319     2.499068e+01     3.098445e+00
 1840.2745     2.582307e+01     3.201648e+00
 1841.3172     2.692046e+01     3.337707e+00
 1842.3598     2.791984e+01     3.461614e+00
 1843.4025     2.808978e+01     3.482684e+00
 1844.4451     2.699268e+01     3.346660e+00
 1845.4878     2.503277e+01     3.103663e+00
 1846.5304     2.326789e+01     2.884846e+00
 1847.5731     2.256174e+01     2.797294e+00
 1848.6157     2.290764e+01     2.840181e+00
 1849.6584     2.361163e+01     2.927464e+00
 1850.7010     2.405728e+01     2.982718e+00
 1851.7437     2.418269e+01     2.998266e+00
 1852.7863     2.428446e+01     3.010884e+00
 1853.8290     2.457624e+01     3.047061e+00
 1854.8716     2.502283e+01     3.102430e+00
 1855.9143     2.545113e+01     3.155533e+00
 1856.9569     2.566108e+01     3.181563e+00
 1857.9996     2.546855e+01     3.157693e+00
 1859.0422     2.479487e+01     3.074168e+00
 1860.0849     2.378942e+01     2.949507e+00
 1861.1275     2.283555e+01     2.831242e+00
 1862.1701     2.238609e+01     2.775517e+00
 1863.2128     2.271849e+01     2.816730e+00
 1864.2554     2.371930e+01     2.940814e+00
 1865.2981     2.481103e+01     3.076170e+00
 1866.3407     2.516352e+01     3.119874e+00
 1867.3834     2.419040e+01     2.999223e+00
 1868.4260     2.200998e+01     2.728885e+00
 1869.4687     1.944262e+01     2.410574e+00
 1870.5113     1.748129e+01     2.167400e+00
 1871.5540     1.666019e+01     2.065597e+00
 1872.5966     1.680975e+01     2.084140e+00
 1873.6393     1.730121e+01     2.145074e+00
 1874.6819     1.751539e+01     2.171628e+00
 1875.7246     1.721642e+01     2.134561e+00
 1876.7672     1.664727e+01     2.063995e+00
 1877.8099     1.631504e+01     2.022803e+00
 1878.8525     1.661008e+01     2.059384e+00
 1879.8952     1.755110e+01     2.176056e+00
 1880.9378     1.885688e+01     2.337951e+00
 1881.9805     2.021280e+01     2.506064e+00
 1883.0231     2.141870e+01     2.655576e+00
 1884.0658     2.233937e+01     2.769724e+00
 1885.1084     2.289226e+01     2.838274e+00
 1886.1511     2.319837e+01     2.876227e+00
 1887.1937     2.364009e+01     2.930993e+00
 1888.2364     2.456488e+01     3.045652e+00
 1889.2790     2.587873e+01     3.208548e+00
 1890.3217     2.707670e+01     3.357078e+00
 1891.3643     2.780496e+01     3.447371e+00
 1892.4070     2.834683e+01     3.514553e+00
 1893.4496     2.942470e+01     3.648192e+00
 1894.4923     3.148078e+01     3.903113e+00
 1895.5349     3.420215e+01     4.240519e+00
 1896.5775     3.677756e+01     4.559829e+00
 1897.6202     3.859048e+01     4.784602e+00
 1898.6628     3.966112e+01     4.917344e+00
 1899.7055     4.047889e+01     5.018735e+00
 1900.7481     4.146736e+01     5.141290e+00
 1901.7908     4.260378e+01     5.282186e+00
 1902.8334     4.349997e+01     5.393300e+00
 1903.8761     4.380021e+01     5.430525e+00
 1904.9187     4.347780e+01     5.390551e+00
 1905.9614     4.275617e+01     5.301081e+00
 1907.0040     4.178885e+01     5.181149e+00
 1908.0467     4.047684e+01     5.018481e+00
 1909.0893     3.862780e+01     4.789229e+00
 1910.1320     3.628141e+01     4.498314e+00
 1911.1746     3.385579e+01     4.197576e+00
 1912.2173     3.194672e+01     3.960882e+00
 1913.2599     3.092175e+01     3.833802e+00
 1914.3026     3.063147e+01     3.797812e+00
 1915.3452     3.050264e+01     3.781840e+00
 1916.3879     2.999322e+01     3.718679e+00
 1917.4305     2.904070e+01     3.600582e+00
 1918.4732     2.806192e+01     3.479229e+00
 1919.5158     2.746826e+01     3.405625e+00
 1920.5585     2.719973e+01     3.372332e+00
 1921.6011     2.679449e+01     3.322088e+00
 1922.6438     2.588777e+01     3.209669e+00
 1923.6864     2.452504e+01     3.040713e+00
 1924.7291     2.296334e+01     2.847087e+00
 1925.7717     2.134085e+01     2.645923e+00
 1926.8144     1.972056e+01     2.445034e+00
 1927.8570     1.837530e+01     2.278243e+00
 1928.8997     1.773918e+01     2.199374e+00
 1929.9423     1.792201e+01     2.222043e+00
 1930.9849     1.841410e+01     2.283054e+00
 1932.0276     1.847602e+01     2.290731e+00
 1933.0702     1.780964e+01     2.208111e+00
 1934.1129     1.670409e+01     2.071040e+00
 1935.1555     1.554246e+01     1.927017e+00
 1936.1982     1.437722e+01     1.782546e+00
 1937.2408     1.309796e+01     1.623938e+00
 1938.2835     1.184820e+01     1.468987e+00
 1939.3261     1.104634e+01     1.369569e+00
 1940.3688     1.097768e+01     1.361057e+00
 1941.4114     1.150592e+01     1.426550e+00
 1942.4541     1.223603e+01     1.517072e+00
 1943.4967     1.287255e+01     1.595990e+00
 1944.5394     1.337378e+01     1.658135e+00
 1945.5820     1.384009e+01     1.715950e+00
 1946.6247     1.433233e+01     1.776979e+00
 1947.6673     1.477159e+01     1.831441e+00
 1948.7100     1.496980e+01     1.856015e+00
 1949.7526     1.479572e+01     1.834432e+00
 1950.7953     1.436039e+01     1.780459e+00
 1951.8379     1.398613e+01     1.734056e+00
 1952.8806     1.389457e+01     1.722704e+00
 1953.9232     1.392962e+01     1.727050e+00
 1954.9659     1.369289e+01     1.697700e+00
 1956.0085     1.300656e+01     1.612606e+00
 1957.0512     1.217901e+01     1.510003e+00
 1958.0938     1.173803e+01     1.455327e+00
 1959.1365     1.191219e+01     1.476921e+00
 1960.1791     1.242278e+01     1.540226e+00
 1961.2218     1.278028e+01     1.584550e+00
 1962.2644     1.274368e+01     1.580013e+00
 1963.3070     1.249289e+01     1.548919e+00
 1964.3497     1.240366e+01     1.537855e+00
 1965.3923     1.267579e+01     1.571596e+00
 1966.4350     1.313752e+01     1.628842e+00
 1967.4776     1.336573e+01     1.657136e+00
 1968.5203     1.301308e+01     1.613413e+00
 1969.5629     1.208075e+01     1.497820e+00
 1970.6056     1.091895e+01     1.353776e+00
 1971.6482     9.961959e+00     1.235123e+00
 1972.6909     9.431214e+00     1.169320e+00
 1973.7335     9.248293e+00     1.146640e+00
 1974.7762     9.182326e+00     1.138461e+00
 1975.8188     9.052582e+00     1.122375e+00
 1976.8615     8.820373e+00     1.093585e+00
 1977.9041     8.562852e+00     1.061657e+00
 1978.9468     8.406620e+00     1.042286e+00
 1979.9894     8.454028e+00     1.048164e+00
 1981.0321     8.700350e+00     1.078704e+00
 1982.0747     8.994383e+00     1.115160e+00
 1983.1174     9.121891e+00     1.130969e+00
 1984.1600     8.982348e+00     1.113667e+00
 1985.2027     8.696090e+00     1.078176e+00
 1986.2453     8.517115e+00     1.055986e+00
 1987.2880     8.623057e+00     1.069121e+00
 1988.3306     8.980588e+00     1.113449e+00
 1989.3733     9.398510e+00     1.165265e+00
 1990.4159     9.697741e+00     1.202365e+00
 1991.4586     9.846507e+00     1.220809e+00
 1992.5012     9.970710e+00     1.236208e+00
 1993.5439     1.024801e+01     1.270589e+00
 1994.5865     1.075444e+01     1.333378e+00
 1995.6292     1.136410e+01     1.408966e+00
 1996.6718     1.180203e+01     1.463263e+00
 1997.7144     1.186533e+01     1.471111e+00
 1998.7571     1.166334e+01     1.446068e+00
 1999.7997     1.162867e+01     1.441769e+00
