      0.0000     0.000000e+00     0.000000e+00
      1.0426     0.000000e+00     0.000000e+00
      2.0853     5.849403e+00     7.252324e-01
      3.1279     1.239545e+01     1.536837e+00
      4.1706     1.920378e+01     2.380961e+00
      5.2132     2.625611e+01     3.255338e+00
      6.2559     3.354760e+01     4.159366e+00
      7.2985     4.109520e+01     5.095147e+00
      8.3412     4.897395e+01     6.071986e+00
      9.3838     5.720111e+01     7.092023e+00
     10.4265     6.478594e+01     8.032421e+00
     11.4691     7.217959e+01     8.949114e+00
     12.5118     7.966512e+01     9.877200e+00
     13.5544     8.761999e+01     1.086348e+01
     14.5971     9.642111e+01     1.195467e+01
     15.6397     1.063142e+02     1.318126e+01
     16.6824     1.173325e+02     1.454736e+01
     17.7250     1.293087e+02     1.603221e+01
     18.7677     1.420546e+02     1.761250e+01
     19.8103     1.556143e+02     1.929368e+01
     20.8530     1.703483e+02     2.112047e+01
     21.8956     1.867540e+02     2.315451e+01
     22.9383     2.051744e+02     2.543834e+01
     23.9809     2.254938e+02     2.795762e+01
     25.0236     2.469843e+02     3.062211e+01
     26.0662     2.682950e+02     3.326428e+01
     27.1089     2.876374e+02     3.566243e+01
     28.1515     3.030786e+02     3.757689e+01
     29.1942     3.129469e+02     3.880041e+01
     30.2368     3.162116e+02     3.920518e+01
     31.2795     3.127635e+02     3.877767e+01
     32.3221     3.035090e+02     3.763026e+01
     33.3648     2.902717e+02     3.598905e+01
     34.4074     2.755884e+02     3.416855e+01
     35.4500     2.624297e+02     3.253709e+01
     36.4927     2.539035e+02     3.147997e+01
     37.5353     2.528970e+02     3.135518e+01
     38.5780     2.616378e+02     3.243890e+01
     39.6206     2.812299e+02     3.486801e+01
     40.6633     3.112646e+02     3.859182e+01
     41.7059     3.496474e+02     4.335068e+01
     42.7486     3.928038e+02     4.870139e+01
     43.7912     4.362468e+02     5.408762e+01
     44.8339     4.755135e+02     5.895606e+01
     45.8765     5.071310e+02     6.287613e+01
     46.9192     5.294013e+02     6.563729e+01
     47.9618     5.426012e+02     6.727387e+01
     49.0045     5.485760e+02     6.801465e+01
     50.0471     5.498347e+02     6.817071e+01
     51.0898     5.485836e+02     6.801559e+01
     52.1324     5.460892e+02     6.770633e+01
     53.1751     5.425942e+02     6.727299e+01
     54.2177     5.377059e+02     6.666693e+01
     55.2604     5.309824e+02     6.583333e+01
     56.3030     5.224324e+02     6.477326e+01
     57.3457     5.127309e+02     6.357043e+01
     58.3883     5.031039e+02     6.237683e+01
     59.4310     4.948798e+02     6.135718e+01
     60.4736     4.888548e+02     6.061017e+01
     61.5163     4.846979e+02     6.009479e+01
     62.5589     4.807341e+02     5.960334e+01
     63.6016     4.743251e+02     5.880872e+01
     64.6442     4.627981e+02     5.737956e+01
     65.6869     4.445309e+02     5.511472e+01
     66.7295     4.197261e+02     5.203932e+01
     67.7721     3.904887e+02     4.841435e+01
     68.8148     3.602691e+02     4.466760e+01
     69.8574     3.329300e+02     4.127799e+01
     70.9001     3.117807e+02     3.865582e+01
     71.9427     2.989182e+02     3.706107e+01
     72.9854     2.949053e+02     3.656354e+01
     74.0280     2.988660e+02     3.705460e+01
     75.0707     3.088584e+02     3.829349e+01
     76.1133     3.224332e+02     3.997656e+01
     77.1560     3.372103e+02     4.180868e+01
     78.1986     3.512989e+02     4.355544e+01
     79.2413     3.634957e+02     4.506765e+01
     80.2839     3.732121e+02     4.627233e+01
     81.3266     3.802530e+02     4.714528e+01
     82.3692     3.845599e+02     4.767928e+01
     83.4119     3.860866e+02     4.786856e+01
     84.4545     3.848452e+02     4.771465e+01
     85.4972     3.810766e+02     4.724740e+01
     86.5398     3.753917e+02     4.654257e+01
     87.5825     3.687574e+02     4.572002e+01
     88.6251     3.623166e+02     4.492147e+01
     89.6678     3.571292e+02     4.427831e+01
     90.7104     3.539774e+02     4.388753e+01
     91.7531     3.532833e+02     4.380148e+01
     92.7957     3.551226e+02     4.402952e+01
     93.8384     3.592674e+02     4.454341e+01
     94.8810     3.652331e+02     4.528306e+01
     95.9237     3.723517e+02     4.616566e+01
     96.9663     3.798669e+02     4.709741e+01
     98.0090     3.870318e+02     4.798575e+01
     99.0516     3.931305e+02     4.874189e+01
    100.0943     3.974265e+02     4.927453e+01
    101.1369     3.990915e+02     4.948096e+01
    102.1795     3.972567e+02     4.925348e+01
    103.2222     3.912588e+02     4.850983e+01
    104.2648     3.810405e+02     4.724292e+01
    105.3075     3.675155e+02     4.556605e+01
    106.3501     3.526846e+02     4.372725e+01
    107.3928     3.393609e+02     4.207532e+01
    108.4354     3.305870e+02     4.098749e+01
    109.4781     3.289059e+02     4.077907e+01
    110.5207     3.357488e+02     4.162748e+01
    111.5634     3.510572e+02     4.352548e+01
    112.6060     3.732302e+02     4.627458e+01
    113.6487     3.994198e+02     4.952166e+01
    114.6913     4.261280e+02     5.283305e+01
    115.7340     4.500642e+02     5.580076e+01
    116.7766     4.689621e+02     5.814379e+01
    117.8193     4.821182e+02     5.977495e+01
    118.8619     4.903571e+02     6.079643e+01
    119.9046     4.954821e+02     6.143185e+01
    120.9472     4.994334e+02     6.192175e+01
    121.9899     5.035446e+02     6.243148e+01
    123.0325     5.081494e+02     6.300239e+01
    124.0752     5.126141e+02     6.355595e+01
    125.1178     5.156797e+02     6.393603e+01
    126.1605     5.159624e+02     6.397108e+01
    127.2031     5.124661e+02     6.353760e+01
    128.2458     5.049994e+02     6.261184e+01
    129.2884     4.943907e+02     6.129653e+01
    130.3311     4.823835e+02     5.980784e+01
    131.3737     4.712354e+02     5.842565e+01
    132.4164     4.631214e+02     5.741964e+01
    133.4590     4.596170e+02     5.698516e+01
    134.5017     4.614462e+02     5.721194e+01
    135.5443     4.685572e+02     5.809359e+01
    136.5869     4.804067e+02     5.956274e+01
    137.6296     4.962572e+02     6.152796e+01
    138.6722     5.153623e+02     6.389668e+01
    139.7149     5.370398e+02     6.658435e+01
    140.7575     5.606284e+02     6.950896e+01
    141.8002     5.854071e+02     7.258112e+01
    142.8428     6.104404e+02     7.568484e+01
    143.8855     6.344776e+02     7.866508e+01
    144.9281     6.559488e+02     8.132716e+01
    145.9708     6.732092e+02     8.346718e+01
    147.0134     6.849270e+02     8.491999e+01
    148.0561     6.905030e+02     8.561132e+01
    149.0987     6.902723e+02     8.558273e+01
    150.1414     6.854192e+02     8.498102e+01
    151.1840     6.776239e+02     8.401452e+01
    152.2267     6.685715e+02     8.289217e+01
    153.2693     6.594704e+02     8.176377e+01
    154.3120     6.506755e+02     8.067335e+01
    155.3546     6.415503e+02     7.954197e+01
    156.3973     6.306176e+02     7.818649e+01
    157.4399     6.160266e+02     7.637744e+01
    158.4826     5.961792e+02     7.391669e+01
    159.5252     5.703283e+02     7.071159e+01
    160.5679     5.388737e+02     6.681172e+01
    161.6105     5.033010e+02     6.240127e+01
    162.6532     4.657332e+02     5.774347e+01
    163.6958     4.283738e+02     5.311150e+01
    164.7385     3.929687e+02     4.872183e+01
    165.7811     3.605599e+02     4.470365e+01
    166.8238     3.314656e+02     4.109643e+01
    167.8664     3.055006e+02     3.787718e+01
    168.9091     2.822177e+02     3.499048e+01
    169.9517     2.611446e+02     3.237776e+01
    170.9943     2.418947e+02     2.999107e+01
    172.0370     2.242131e+02     2.779884e+01
    173.0796     2.079541e+02     2.578299e+01
    174.1223     1.930060e+02     2.392966e+01
    175.1649     1.792430e+02     2.222326e+01
    176.2076     1.664999e+02     2.064332e+01
    177.2502     1.546388e+02     1.917274e+01
    178.2929     1.436397e+02     1.780903e+01
    179.3355     1.336824e+02     1.657448e+01
    180.3782     1.251180e+02     1.551263e+01
    181.4208     1.183483e+02     1.467330e+01
    182.4635     1.136387e+02     1.408939e+01
    183.5061     1.109758e+02     1.375922e+01
    184.5488     1.100167e+02     1.364031e+01
    185.5914     1.101639e+02     1.365856e+01
    186.6341     1.107178e+02     1.372723e+01
    187.6767     1.110443e+02     1.376772e+01
    188.7194     1.106868e+02     1.372339e+01
    189.7620     1.093931e+02     1.356299e+01
    190.8047     1.070775e+02     1.327589e+01
    191.8473     1.037724e+02     1.286612e+01
    192.8900     9.960259e+01     1.234913e+01
    193.9326     9.478723e+01     1.175210e+01
    194.9753     8.962766e+01     1.111240e+01
    196.0179     8.446792e+01     1.047267e+01
    197.0606     7.962207e+01     9.871862e+00
    198.1032     7.531530e+01     9.337892e+00
    199.1459     7.165116e+01     8.883598e+00
    200.1885     6.861826e+01     8.507566e+00
    201.2312     6.610782e+01     8.196311e+00
    202.2738     6.393962e+01     7.927489e+00
    203.3164     6.189457e+01     7.673936e+00
    204.3591     5.977114e+01     7.410665e+00
    205.4017     5.745775e+01     7.123842e+00
    206.4444     5.499313e+01     6.818268e+00
    207.4870     5.258607e+01     6.519832e+00
    208.5297     5.057724e+01     6.270768e+00
    209.5723     4.936418e+01     6.120369e+00
    210.6150     4.931617e+01     6.114416e+00
    211.6576     5.070722e+01     6.286884e+00
    212.7003     5.366543e+01     6.653654e+00
    213.7429     5.813009e+01     7.207202e+00
    214.7856     6.384272e+01     7.915476e+00
    215.8282     7.044352e+01     8.733869e+00
    216.8709     7.779154e+01     9.644906e+00
    217.9135     8.650489e+01     1.072522e+01
    218.9562     9.856172e+01     1.222008e+01
    219.9988     1.175727e+02     1.457713e+01
    221.0415     1.484084e+02     1.840027e+01
    222.0841     1.960326e+02     2.430490e+01
    223.1268     2.638801e+02     3.271691e+01
    224.1694     3.521975e+02     4.366685e+01
    225.2121     4.570350e+02     5.666503e+01
    226.2547     5.700560e+02     7.067782e+01
    227.2974     6.795554e+02     8.425400e+01
    228.3400     7.723325e+02     9.575688e+01
    229.3827     8.364001e+02     1.037002e+02
    230.4253     8.636478e+02     1.070785e+02
    231.4680     8.518228e+02     1.056124e+02
    232.5106     8.049905e+02     9.980594e+01
    233.5533     7.322340e+02     9.078530e+01
    234.5959     6.451637e+02     7.998997e+01
    235.6386     5.550048e+02     6.881172e+01
    236.6812     4.704262e+02     5.832532e+01
    237.7238     3.964106e+02     4.914857e+01
    238.7665     3.343505e+02     4.145411e+01
    239.8091     2.829905e+02     3.508630e+01
    240.8518     2.397083e+02     2.971999e+01
    241.8944     2.018874e+02     2.503080e+01
    242.9371     1.678512e+02     2.081087e+01
    243.9797     1.372501e+02     1.701682e+01
    245.0224     1.107570e+02     1.373209e+01
    246.0650     8.939632e+01     1.108371e+01
    247.1077     7.380360e+01     9.150466e+00
    248.1503     6.383183e+01     7.914125e+00
    249.1930     5.855901e+01     7.260380e+00
    250.2356     5.662862e+01     7.021042e+00
    251.2783     5.665392e+01     7.024180e+00
    252.3209     5.751387e+01     7.130800e+00
    253.3636     5.846414e+01     7.248618e+00
    254.4062     5.911270e+01     7.329029e+00
    255.4489     5.934067e+01     7.357294e+00
    256.4915     5.922258e+01     7.342653e+00
    257.5342     5.895640e+01     7.309651e+00
    258.5768     5.879011e+01     7.289033e+00
    259.6195     5.894277e+01     7.307960e+00
    260.6621     5.954469e+01     7.382589e+00
    261.7048     6.063035e+01     7.517193e+00
    262.7474     6.219396e+01     7.711055e+00
    263.7901     6.428158e+01     7.969887e+00
    264.8327     6.706288e+01     8.314724e+00
    265.8754     7.084149e+01     8.783211e+00
    266.9180     7.598215e+01     9.420571e+00
    267.9607     8.277755e+01     1.026309e+01
    269.0033     9.127542e+01     1.131669e+01
    270.0460     1.011334e+02     1.253892e+01
    271.0886     1.115332e+02     1.382833e+01
    272.1312     1.212377e+02     1.503153e+01
    273.1739     1.287816e+02     1.596685e+01
    274.2165     1.327773e+02     1.646226e+01
    275.2592     1.322541e+02     1.639739e+01
    276.3018     1.269064e+02     1.573437e+01
    277.3445     1.171852e+02     1.452908e+01
    278.3871     1.041976e+02     1.291884e+01
    279.4298     8.945190e+01     1.109060e+01
    280.4724     7.454674e+01     9.242603e+00
    281.5151     6.086650e+01     7.546472e+00
    282.5577     4.938724e+01     6.123227e+00
    283.6004     4.058140e+01     5.031444e+00
    284.6430     3.445460e+01     4.271820e+00
    285.6857     3.065169e+01     3.800319e+00
    286.7283     2.861607e+01     3.547935e+00
    287.7710     2.773924e+01     3.439221e+00
    288.8136     2.747904e+01     3.406962e+00
    289.8563     2.742246e+01     3.399947e+00
    290.8989     2.730195e+01     3.385005e+00
    291.9416     2.698149e+01     3.345273e+00
    292.9842     2.643364e+01     3.277349e+00
    294.0269     2.571593e+01     3.188364e+00
    295.0695     2.494563e+01     3.092859e+00
    296.1122     2.426433e+01     3.008389e+00
    297.1548     2.379466e+01     2.950157e+00
    298.1975     2.359962e+01     2.925976e+00
    299.2401     2.366499e+01     2.934080e+00
    300.2828     2.391605e+01     2.965208e+00
    301.3254     2.426330e+01     3.008261e+00
    302.3681     2.465591e+01     3.056938e+00
    303.4107     2.511675e+01     3.114076e+00
    304.4534     2.574425e+01     3.191875e+00
    305.4960     2.668161e+01     3.308092e+00
    306.5386     2.806670e+01     3.479822e+00
    307.5813     2.997599e+01     3.716543e+00
    308.6239     3.237569e+01     4.014067e+00
    309.6666     3.509568e+01     4.351303e+00
    310.7092     3.783775e+01     4.691275e+00
    311.7519     4.023194e+01     4.988117e+00
    312.7945     4.192459e+01     5.197978e+00
    313.8372     4.267438e+01     5.290941e+00
    314.8798     4.241211e+01     5.258422e+00
    315.9225     4.124938e+01     5.114263e+00
    316.9651     3.943819e+01     4.889705e+00
    318.0078     3.730663e+01     4.625425e+00
    319.0504     3.519466e+01     4.363574e+00
    320.0931     3.339604e+01     4.140574e+00
    321.1357     3.211754e+01     3.982062e+00
    322.1784     3.146538e+01     3.901204e+00
    323.2210     3.148493e+01     3.903628e+00
    324.2637     3.225696e+01     3.999347e+00
    325.3063     3.401950e+01     4.217874e+00
    326.3490     3.724966e+01     4.618361e+00
    327.3916     4.263484e+01     5.286038e+00
    328.4343     5.091649e+01     6.312830e+00
    329.4769     6.262995e+01     7.765112e+00
    330.5196     7.783806e+01     9.650674e+00
    331.5622     9.591319e+01     1.189170e+01
    332.6049     1.154783e+02     1.431746e+01
    333.6475     1.344932e+02     1.667501e+01
    334.6902     1.505605e+02     1.866709e+01
    335.7328     1.613550e+02     2.000544e+01
    336.7755     1.651379e+02     2.047446e+01
    337.8181     1.611755e+02     1.998318e+01
    338.8607     1.499401e+02     1.859018e+01
    339.9034     1.330169e+02     1.649197e+01
    340.9460     1.127482e+02     1.397897e+01
    341.9887     9.171666e+01     1.137140e+01
    343.0313     7.225572e+01     8.958553e+00
    344.0740     5.605441e+01     6.949850e+00
    345.1166     4.398697e+01     5.453681e+00
    346.1593     3.610844e+01     4.476869e+00
    347.2019     3.183982e+01     3.947629e+00
    348.2446     3.022871e+01     3.747876e+00
    349.2872     3.023789e+01     3.749015e+00
    350.3299     3.096575e+01     3.839257e+00
    351.3725     3.176573e+01     3.938442e+00
    352.4152     3.226298e+01     4.000094e+00
    353.4578     3.230597e+01     4.005424e+00
    354.5005     3.189974e+01     3.955057e+00
    355.5431     3.115059e+01     3.862175e+00
    356.5858     3.022758e+01     3.747736e+00
    357.6284     2.933180e+01     3.636674e+00
    358.6711     2.866109e+01     3.553517e+00
    359.7137     2.837172e+01     3.517640e+00
    360.7564     2.854479e+01     3.539097e+00
    361.7990     2.917085e+01     3.616718e+00
    362.8417     3.015847e+01     3.739168e+00
    363.8843     3.136220e+01     3.888411e+00
    364.9270     3.262035e+01     4.044401e+00
    365.9696     3.378794e+01     4.189165e+00
    367.0123     3.476054e+01     4.309751e+00
    368.0549     3.548416e+01     4.399469e+00
    369.0976     3.595471e+01     4.457809e+00
    370.1402     3.620529e+01     4.488877e+00
    371.1829     3.628559e+01     4.498833e+00
    372.2255     3.624073e+01     4.493271e+00
    373.2681     3.610160e+01     4.476021e+00
    374.3108     3.589140e+01     4.449959e+00
    375.3534     3.564132e+01     4.418954e+00
    376.3961     3.540244e+01     4.389336e+00
    377.4387     3.524720e+01     4.370089e+00
    378.4814     3.525919e+01     4.371575e+00
    379.5240     3.550511e+01     4.402066e+00
    380.5667     3.597931e+01     4.460859e+00
    381.6093     3.653716e+01     4.530024e+00
    382.6520     3.688870e+01     4.573609e+00
    383.6946     3.674898e+01     4.556286e+00
    384.7373     3.617956e+01     4.485686e+00
    385.7799     3.600322e+01     4.463823e+00
    386.8226     3.805142e+01     4.717767e+00
    387.8652     4.501510e+01     5.581152e+00
    388.9079     5.985315e+01     7.420833e+00
    389.9505     8.490482e+01     1.052684e+01
    390.9932     1.210074e+02     1.500298e+01
    392.0358     1.668149e+02     2.068238e+01
    393.0785     2.185650e+02     2.709856e+01
    394.1211     2.703232e+02     3.351575e+01
    395.1638     3.149190e+02     3.904492e+01
    396.2064     3.453749e+02     4.282096e+01
    397.2491     3.566258e+02     4.421589e+01
    398.2917     3.468491e+02     4.300374e+01
    399.3344     3.179447e+02     3.942005e+01
    400.3770     2.749739e+02     3.409236e+01
    401.4197     2.247776e+02     2.786882e+01
    402.4623     1.744229e+02     2.162564e+01
    403.5050     1.298292e+02     1.609674e+01
    404.5476     9.495187e+01     1.177251e+01
    405.5903     7.143843e+01     8.857222e+00
    406.6329     5.880568e+01     7.290963e+00
    407.6755     5.499166e+01     6.818086e+00
    408.7182     5.717234e+01     7.088455e+00
    409.7608     6.256300e+01     7.756811e+00
    410.8035     6.895131e+01     8.548859e+00
    411.8461     7.483360e+01     9.278169e+00
    412.8888     7.927082e+01     9.828313e+00
    413.9314     8.166902e+01     1.012565e+01
    414.9741     8.168289e+01     1.012737e+01
    416.0167     7.924366e+01     9.824947e+00
    417.0594     7.462315e+01     9.252076e+00
    418.1020     6.842155e+01     8.483177e+00
    419.1447     6.144913e+01     7.618709e+00
    420.1873     5.455595e+01     6.764065e+00
    421.2300     4.845716e+01     6.007913e+00
    422.2726     4.361587e+01     5.407671e+00
    423.3153     4.018731e+01     4.982583e+00
    424.3579     3.804991e+01     4.717580e+00
    425.4006     3.690099e+01     4.575133e+00
    426.4432     3.639290e+01     4.512137e+00
    427.4859     3.625055e+01     4.494489e+00
    428.5285     3.633268e+01     4.504671e+00
    429.5712     3.662444e+01     4.540844e+00
    430.6138     3.718535e+01     4.610389e+00
    431.6565     3.808599e+01     4.722053e+00
    432.6991     3.935607e+01     4.879523e+00
    433.7418     4.095600e+01     5.077889e+00
    434.7844     4.277200e+01     5.303043e+00
    435.8271     4.464230e+01     5.534931e+00
    436.8697     4.640411e+01     5.753368e+00
    437.9124     4.794574e+01     5.944505e+00
    438.9550     4.922885e+01     6.103590e+00
    439.9976     5.026801e+01     6.232428e+00
    441.0403     5.107724e+01     6.332760e+00
    442.0829     5.162257e+01     6.400373e+00
    443.1256     5.181425e+01     6.424138e+00
    444.1682     5.154169e+01     6.390345e+00
    445.2109     5.072751e+01     6.289400e+00
    446.2535     4.936939e+01     6.121014e+00
    447.2962     4.755500e+01     5.896060e+00
    448.3388     4.545549e+01     5.635753e+00
    449.3815     4.330236e+01     5.368799e+00
    450.4241     4.135326e+01     5.127142e+00
    451.4668     3.984102e+01     4.939649e+00
    452.5094     3.892100e+01     4.825581e+00
    453.5521     3.863262e+01     4.789827e+00
    454.5947     3.889841e+01     4.822781e+00
    455.6374     3.956011e+01     4.904821e+00
    456.6800     4.043586e+01     5.013400e+00
    457.7227     4.137524e+01     5.129868e+00
    458.7653     4.229409e+01     5.243790e+00
    459.8080     4.318551e+01     5.354312e+00
    460.8506     4.410470e+01     5.468278e+00
    461.8933     4.513399e+01     5.595893e+00
    462.9359     4.633568e+01     5.744883e+00
    463.9786     4.771321e+01     5.915675e+00
    465.0212     4.919389e+01     6.099255e+00
    466.0639     5.064176e+01     6.278769e+00
    467.1065     5.188823e+01     6.433310e+00
    468.1492     5.277171e+01     6.542848e+00
    469.1918     5.317430e+01     6.592762e+00
    470.2345     5.305492e+01     6.577961e+00
    471.2771     5.247266e+01     6.505771e+00
    472.3198     5.158954e+01     6.396278e+00
    473.3624     5.064541e+01     6.279220e+00
    474.4050     4.990669e+01     6.187631e+00
    475.4477     4.961200e+01     6.151094e+00
    476.4903     4.993640e+01     6.191315e+00
    477.5330     5.097998e+01     6.320702e+00
    478.5756     5.276567e+01     6.542099e+00
    479.6183     5.522782e+01     6.847366e+00
    480.6609     5.819098e+01     7.214750e+00
    481.7036     6.136408e+01     7.608164e+00
    482.7462     6.436620e+01     7.980380e+00
    483.7889     6.679314e+01     8.281281e+00
    484.8315     6.829785e+01     8.467840e+00
    485.8742     6.867244e+01     8.514284e+00
    486.9168     6.792480e+01     8.421589e+00
    487.9595     6.637901e+01     8.229936e+00
    489.0021     6.481752e+01     8.036336e+00
    490.0448     6.463041e+01     8.013137e+00
    491.0874     6.786273e+01     8.413892e+00
    492.1301     7.702868e+01     9.550324e+00
    493.1727     9.462519e+01     1.173201e+01
    494.2154     1.224409e+02     1.518071e+01
    495.2580     1.608320e+02     1.994059e+01
    496.3007     2.082887e+02     2.582446e+01
    497.3433     2.614228e+02     3.241225e+01
    498.3860     3.155117e+02     3.911840e+01
    499.4286     3.652346e+02     4.528325e+01
    500.4713     4.054073e+02     5.026402e+01
    501.5139     4.314941e+02     5.349837e+01
    502.5566     4.404149e+02     5.460440e+01
    503.5992     4.321389e+02     5.357831e+01
    504.6419     4.120179e+02     5.108363e+01
    505.6845     3.926764e+02     4.868559e+01
    506.7272     3.935137e+02     4.878941e+01
    507.7698     4.369077e+02     5.416957e+01
    508.8124     5.421568e+02     6.721877e+01
    509.8551     7.202825e+02     8.930350e+01
    510.8977     9.728104e+02     1.206129e+02
    511.9404     1.295895e+03     1.606702e+02
    512.9830     1.687446e+03     2.092164e+02
    514.0257     2.154083e+03     2.670719e+02
    515.0683     2.713140e+03     3.363859e+02
    516.1110     3.388950e+03     4.201755e+02
    517.1536     4.202074e+03     5.209900e+02
    518.1963     5.155269e+03     6.391709e+02
    519.2389     6.218109e+03     7.709460e+02
    520.2816     7.317998e+03     9.073146e+02
    521.3242     8.340827e+03     1.034129e+03
    522.3669     9.147897e+03     1.134193e+03
    523.4095     9.604704e+03     1.190830e+03
    524.4522     9.616406e+03     1.192281e+03
    525.4948     9.156097e+03     1.135209e+03
    526.5375     8.276141e+03     1.026109e+03
    527.5801     7.097984e+03     8.800364e+02
    528.6228     5.782844e+03     7.169801e+02
    529.6654     4.495569e+03     5.573786e+02
    530.7081     3.370076e+03     4.178355e+02
    531.7507     2.488435e+03     3.085261e+02
    532.7934     1.873673e+03     2.323055e+02
    533.8360     1.498325e+03     1.857683e+02
    534.8787     1.301954e+03     1.614215e+02
    535.9213     1.213510e+03     1.504558e+02
    536.9640     1.170809e+03     1.451616e+02
    538.0066     1.132623e+03     1.404272e+02
    539.0493     1.080615e+03     1.339790e+02
    540.0919     1.013376e+03     1.256424e+02
    541.1346     9.369428e+02     1.161659e+02
    542.1772     8.572142e+02     1.062808e+02
    543.2198     7.766984e+02     9.629817e+01
    544.2625     6.953576e+02     8.621321e+01
    545.3051     6.130156e+02     7.600413e+01
    546.3478     5.309601e+02     6.583056e+01
    547.3904     4.520677e+02     5.604916e+01
    548.4331     3.797495e+02     4.708286e+01
    549.4757     3.168971e+02     3.929017e+01
    550.5184     2.651727e+02     3.287717e+01
    551.5610     2.249287e+02     2.788755e+01
    552.6037     1.953620e+02     2.422176e+01
    553.6463     1.748887e+02     2.168340e+01
    554.6890     1.614888e+02     2.002203e+01
    555.7316     1.530758e+02     1.897896e+01
    556.7743     1.478049e+02     1.832545e+01
    557.8169     1.443542e+02     1.789761e+01
    558.8596     1.420913e+02     1.761705e+01
    559.9022     1.410678e+02     1.749015e+01
    560.9449     1.417888e+02     1.757955e+01
    561.9875     1.448325e+02     1.795691e+01
    563.0302     1.504560e+02     1.865414e+01
    564.0728     1.583209e+02     1.962925e+01
    565.1155     1.674045e+02     2.075548e+01
    566.1581     1.760830e+02     2.183147e+01
    567.2008     1.823857e+02     2.261291e+01
    568.2434     1.843818e+02     2.286039e+01
    569.2861     1.806586e+02     2.239878e+01
    570.3287     1.707523e+02     2.117055e+01
    571.3714     1.553469e+02     1.926053e+01
    572.4140     1.361598e+02     1.688164e+01
    573.4567     1.155066e+02     1.432097e+01
    574.4993     9.577212e+01     1.187421e+01
    575.5419     7.892492e+01     9.785428e+00
    576.5846     6.623076e+01     8.211555e+00
    577.6272     5.815469e+01     7.210251e+00
    578.6699     5.439446e+01     6.744043e+00
    579.7125     5.405062e+01     6.701412e+00
    580.7552     5.587927e+01     6.928136e+00
    581.7978     5.860311e+01     7.265849e+00
    582.8405     6.118943e+01     7.586511e+00
    583.8831     6.300823e+01     7.812012e+00
    584.9258     6.384906e+01     7.916262e+00
    585.9684     6.382533e+01     7.913319e+00
    587.0111     6.324408e+01     7.841254e+00
    588.0537     6.248563e+01     7.747219e+00
    589.0964     6.190333e+01     7.675022e+00
    590.1390     6.173891e+01     7.654637e+00
    591.1817     6.206157e+01     7.694642e+00
    592.2243     6.275711e+01     7.780877e+00
    593.2670     6.358284e+01     7.883255e+00
    594.3096     6.427212e+01     7.968714e+00
    595.3523     6.464642e+01     8.015122e+00
    596.3949     6.468494e+01     8.019897e+00
    597.4376     6.452526e+01     8.000099e+00
    598.4802     6.439738e+01     7.984245e+00
    599.5229     6.452095e+01     7.999566e+00
    600.5655     6.500785e+01     8.059934e+00
    601.6082     6.580840e+01     8.159189e+00
    602.6508     6.671894e+01     8.272081e+00
    603.6935     6.744654e+01     8.362292e+00
    604.7361     6.769892e+01     8.393583e+00
    605.7788     6.726834e+01     8.340198e+00
    606.8214     6.608663e+01     8.193685e+00
    607.8641     6.424518e+01     7.965374e+00
    608.9067     6.198605e+01     7.685278e+00
    609.9493     5.965814e+01     7.396655e+00
    610.9920     5.764256e+01     7.146755e+00
    612.0346     5.625734e+01     6.975010e+00
    613.0773     5.566990e+01     6.902177e+00
    614.1199     5.585572e+01     6.925216e+00
    615.1626     5.660967e+01     7.018694e+00
    616.2052     5.759793e+01     7.141221e+00
    617.2479     5.842204e+01     7.243399e+00
    618.2905     5.868367e+01     7.275836e+00
    619.3332     5.805710e+01     7.198152e+00
    620.3758     5.636917e+01     6.988875e+00
    621.4185     5.366364e+01     6.653432e+00
    622.4611     5.021353e+01     6.225674e+00
    623.5038     4.645576e+01     5.759771e+00
    624.5464     4.287634e+01     5.315980e+00
    625.5891     3.988753e+01     4.945416e+00
    626.6317     3.775084e+01     4.680500e+00
    627.6744     3.654735e+01     4.531287e+00
    628.7170     3.618908e+01     4.486866e+00
    629.7597     3.644932e+01     4.519133e+00
    630.8023     3.701452e+01     4.589208e+00
    631.8450     3.755758e+01     4.656539e+00
    632.8876     3.782028e+01     4.689110e+00
    633.9303     3.767543e+01     4.671151e+00
    634.9729     3.713994e+01     4.604759e+00
    636.0156     3.633607e+01     4.505091e+00
    637.0582     3.542662e+01     4.392334e+00
    638.1009     3.455679e+01     4.284489e+00
    639.1435     3.382528e+01     4.193793e+00
    640.1862     3.328029e+01     4.126223e+00
    641.2288     3.292803e+01     4.082548e+00
    642.2715     3.274169e+01     4.059445e+00
    643.3141     3.267164e+01     4.050761e+00
    644.3567     3.266049e+01     4.049378e+00
    645.3994     3.266275e+01     4.049658e+00
    646.4420     3.266044e+01     4.049372e+00
    647.4847     3.266476e+01     4.049908e+00
    648.5273     3.270197e+01     4.054521e+00
    649.5700     3.279316e+01     4.065827e+00
    650.6126     3.294201e+01     4.084282e+00
    651.6553     3.313836e+01     4.108626e+00
    652.6979     3.337270e+01     4.137681e+00
    653.7406     3.364904e+01     4.171943e+00
    654.7832     3.398441e+01     4.213524e+00
    655.8259     3.439495e+01     4.264423e+00
    656.8685     3.487648e+01     4.324126e+00
    657.9112     3.539272e+01     4.388131e+00
    658.9538     3.587698e+01     4.448171e+00
    659.9965     3.624851e+01     4.494236e+00
    661.0391     3.643686e+01     4.517588e+00
    662.0818     3.640939e+01     4.514182e+00
    663.1244     3.619570e+01     4.487687e+00
    664.1671     3.590295e+01     4.451392e+00
    665.2097     3.571364e+01     4.427920e+00
    666.2524     3.585831e+01     4.445857e+00
    667.2950     3.656434e+01     4.533393e+00
    668.3377     3.799338e+01     4.710571e+00
    669.3803     4.018718e+01     4.982567e+00
    670.4230     4.304444e+01     5.336821e+00
    671.4656     4.633272e+01     5.744515e+00
    672.5083     4.973733e+01     6.166633e+00
    673.5509     5.291941e+01     6.561160e+00
    674.5936     5.557124e+01     6.889945e+00
    675.6362     5.744539e+01     7.122310e+00
    676.6789     5.837061e+01     7.237022e+00
    677.7215     5.827097e+01     7.224669e+00
    678.7641     5.721385e+01     7.093602e+00
    679.8068     5.548160e+01     6.878831e+00
    680.8494     5.362661e+01     6.648841e+00
    681.8921     5.245225e+01     6.503240e+00
    682.9347     5.288850e+01     6.557327e+00
    683.9774     5.577821e+01     6.915606e+00
    685.0200     6.163648e+01     7.641938e+00
    686.0627     7.045075e+01     8.734766e+00
    687.1053     8.156913e+01     1.011327e+01
    688.1480     9.372079e+01     1.161988e+01
    689.1906     1.051800e+02     1.304063e+01
    690.2333     1.141010e+02     1.414670e+01
    691.2759     1.189405e+02     1.474672e+01
    692.3186     1.188671e+02     1.473761e+01
    693.3612     1.139790e+02     1.413157e+01
    694.4039     1.052500e+02     1.304932e+01
    695.4465     9.422974e+01     1.168298e+01
    696.4892     8.261659e+01     1.024313e+01
    697.5318     7.187864e+01     8.911801e+00
    698.5745     6.299067e+01     7.809835e+00
    699.6171     5.634675e+01     6.986096e+00
    700.6598     5.180550e+01     6.423053e+00
    701.7024     4.886294e+01     6.058223e+00
    702.7451     4.688400e+01     5.812866e+00
    703.7877     4.533267e+01     5.620526e+00
    704.8304     4.390893e+01     5.444004e+00
    705.8730     4.255977e+01     5.276731e+00
    706.9157     4.138261e+01     5.130782e+00
    707.9583     4.050187e+01     5.021583e+00
    709.0010     3.998436e+01     4.957421e+00
    710.0436     3.982294e+01     4.937407e+00
    711.0862     3.996596e+01     4.955140e+00
    712.1289     4.035811e+01     5.003760e+00
    713.1715     4.096666e+01     5.079210e+00
    714.2142     4.178663e+01     5.180874e+00
    715.2568     4.282484e+01     5.309595e+00
    716.2995     4.407115e+01     5.464118e+00
    717.3421     4.546734e+01     5.637223e+00
    718.3848     4.689302e+01     5.813985e+00
    719.4274     4.817720e+01     5.973202e+00
    720.4701     4.913515e+01     6.091972e+00
    721.5127     4.961088e+01     6.150956e+00
    722.5554     4.951358e+01     6.138892e+00
    723.5980     4.884193e+01     6.055618e+00
    724.6407     4.770169e+01     5.914246e+00
    725.6833     4.631552e+01     5.742384e+00
    726.7260     4.501186e+01     5.580751e+00
    727.7686     4.418316e+01     5.478005e+00
    728.8113     4.421348e+01     5.481765e+00
    729.8539     4.539888e+01     5.628735e+00
    730.8966     4.788351e+01     5.936789e+00
    731.9392     5.162196e+01     6.400296e+00
    732.9819     5.637021e+01     6.989004e+00
    734.0245     6.169683e+01     7.649419e+00
    735.0672     6.703434e+01     8.311185e+00
    736.1098     7.176822e+01     8.898111e+00
    737.1525     7.536694e+01     9.344294e+00
    738.1951     7.749936e+01     9.608680e+00
    739.2378     7.809779e+01     9.682876e+00
    740.2804     7.732999e+01     9.587682e+00
    741.3231     7.550082e+01     9.360893e+00
    742.3657     7.294306e+01     9.043772e+00
    743.4084     6.995933e+01     8.673838e+00
    744.4510     6.685545e+01     8.289006e+00
    745.4936     6.403987e+01     7.939920e+00
    746.5363     6.213631e+01     7.703909e+00
    747.5789     6.202930e+01     7.690641e+00
    748.6216     6.478935e+01     8.032843e+00
    749.6642     7.146470e+01     8.860480e+00
    750.7069     8.277608e+01     1.026291e+01
    751.7495     9.878331e+01     1.224755e+01
    752.7922     1.186450e+02     1.471008e+01
    753.8348     1.405667e+02     1.742803e+01
    754.8775     1.620593e+02     2.009276e+01
    755.9201     1.804575e+02     2.237384e+01
    756.9628     1.936214e+02     2.400595e+01
    758.0054     2.005377e+02     2.486346e+01
    759.0481     2.016387e+02     2.499997e+01
    760.0907     1.986733e+02     2.463231e+01
    761.1334     1.941827e+02     2.407555e+01
    762.1760     1.907474e+02     2.364962e+01
    763.2187     1.902534e+02     2.358838e+01
    764.2613     1.934174e+02     2.398066e+01
    765.3040     1.997088e+02     2.476069e+01
    766.3466     2.076908e+02     2.575034e+01
    767.3893     2.156919e+02     2.674234e+01
    768.4319     2.225709e+02     2.759523e+01
    769.4746     2.282641e+02     2.830110e+01
    770.5172     2.337645e+02     2.898306e+01
    771.5599     2.404988e+02     2.981800e+01
    772.6025     2.495474e+02     3.093988e+01
    773.6452     2.615424e+02     3.242708e+01
    774.6878     2.777814e+02     3.444045e+01
    775.7305     3.021758e+02     3.746497e+01
    776.7731     3.427955e+02     4.250116e+01
    777.8158     4.119712e+02     5.107784e+01
    778.8584     5.251242e+02     6.510700e+01
    779.9010     6.997330e+02     8.675570e+01
    780.9437     9.553773e+02     1.184515e+02
    781.9863     1.313990e+03     1.629138e+02
    783.0290     1.798508e+03     2.229862e+02
    784.0716     2.427626e+03     3.009867e+02
    785.1143     3.208649e+03     3.978211e+02
    786.1569     4.130147e+03     5.120722e+02
    787.1996     5.158908e+03     6.396220e+02
    788.2422     6.239791e+03     7.736343e+02
    789.2849     7.299988e+03     9.050817e+02
    790.3275     8.254665e+03     1.023446e+03
    791.3702     9.017920e+03     1.118078e+03
    792.4128     9.516734e+03     1.179923e+03
    793.4555     9.707700e+03     1.203599e+03
    794.4981     9.588214e+03     1.188785e+03
    795.5408     9.197543e+03     1.140348e+03
    796.5834     8.605939e+03     1.066999e+03
    797.6261     7.896219e+03     9.790048e+02
    798.6687     7.146073e+03     8.859987e+02
    799.7114     6.414899e+03     7.953449e+02
    800.7540     5.738453e+03     7.114764e+02
    801.7967     5.128175e+03     6.358116e+02
    802.8393     4.576139e+03     5.673680e+02
    803.8820     4.062961e+03     5.037421e+02
    804.9246     3.568867e+03     4.424824e+02
    805.9673     3.082740e+03     3.822104e+02
    807.0099     2.606939e+03     3.232187e+02
    808.0526     2.154702e+03     2.671485e+02
    809.0952     1.743735e+03     2.161952e+02
    810.1379     1.388653e+03     1.721707e+02
    811.1805     1.097025e+03     1.360135e+02
    812.2232     8.686351e+02     1.076969e+02
    813.2658     6.975284e+02     8.648236e+01
    814.3084     5.742478e+02     7.119754e+01
    815.3511     4.879499e+02     6.049798e+01
    816.3937     4.281292e+02     5.308117e+01
    817.4364     3.860523e+02     4.786431e+01
    818.4790     3.557503e+02     4.410735e+01
    819.5217     3.339944e+02     4.140996e+01
    820.5643     3.194066e+02     3.960131e+01
    821.6070     3.112557e+02     3.859073e+01
    822.6496     3.087435e+02     3.827926e+01
    823.6923     3.110694e+02     3.856763e+01
    824.7349     3.179908e+02     3.942577e+01
    825.7776     3.302803e+02     4.094948e+01
    826.8202     3.496498e+02     4.335098e+01
    827.8629     3.781494e+02     4.688447e+01
    828.9055     4.172632e+02     5.173396e+01
    829.9482     4.670553e+02     5.790739e+01
    830.9908     5.254751e+02     6.515051e+01
    832.0335     5.881304e+02     7.291876e+01
    833.0761     6.486523e+02     8.042251e+01
    834.1188     7.000349e+02     8.679312e+01
    835.1614     7.366616e+02     9.133425e+01
    836.2041     7.565483e+02     9.379989e+01
    837.2467     7.626842e+02     9.456064e+01
    838.2894     7.627691e+02     9.457116e+01
    839.3320     7.671510e+02     9.511445e+01
    840.3747     7.856539e+02     9.740852e+01
    841.4173     8.244349e+02     1.022167e+02
    842.4600     8.840252e+02     1.096050e+02
    843.5026     9.590041e+02     1.189012e+02
    844.5453     1.039449e+03     1.288750e+02
    845.5879     1.113380e+03     1.380414e+02
    846.6305     1.169692e+03     1.450231e+02
    847.6732     1.200576e+03     1.488523e+02
    848.7158     1.202843e+03     1.491333e+02
    849.7585     1.177805e+03     1.460290e+02
    850.8011     1.129775e+03     1.400740e+02
    851.8438     1.063917e+03     1.319087e+02
    852.8864     9.845076e+02     1.220632e+02
    853.9291     8.942192e+02     1.108689e+02
    854.9717     7.947568e+02     9.853712e+01
    856.0144     6.880556e+02     8.530788e+01
    857.0570     5.775018e+02     7.160099e+01
    858.0997     4.682753e+02     5.805864e+01
    859.1423     3.669596e+02     4.549712e+01
    860.1850     2.803346e+02     3.475700e+01
    861.2276     2.140634e+02     2.654044e+01
    862.2703     1.713947e+02     2.125020e+01
    863.3129     1.524519e+02     1.890160e+01
    864.3556     1.541241e+02     1.910892e+01
    865.3982     1.707202e+02     2.116657e+01
    866.4409     1.951426e+02     2.419456e+01
    867.4835     2.202552e+02     2.730813e+01
    868.5262     2.401056e+02     2.976925e+01
    869.5688     2.506957e+02     3.108225e+01
    870.6115     2.502781e+02     3.103048e+01
    871.6541     2.391978e+02     2.965670e+01
    872.6968     2.194366e+02     2.720662e+01
    873.7394     1.940133e+02     2.405454e+01
    874.7821     1.663199e+02     2.062101e+01
    875.8247     1.395483e+02     1.730176e+01
    876.8674     1.161962e+02     1.440647e+01
    877.9100     9.777584e+01     1.212264e+01
    878.9527     8.470452e+01     1.050200e+01
    879.9953     7.644779e+01     9.478303e+00
    881.0379     7.183686e+01     8.906621e+00
    882.0806     6.948529e+01     8.615064e+00
    883.1232     6.816089e+01     8.450859e+00
    884.1659     6.701588e+01     8.308897e+00
    885.2085     6.564707e+01     8.139186e+00
    886.2512     6.402024e+01     7.937485e+00
    887.2938     6.232527e+01     7.727336e+00
    888.3365     6.082192e+01     7.540945e+00
    889.3791     5.971682e+01     7.403930e+00
    890.4218     5.908846e+01     7.326023e+00
    891.4644     5.887406e+01     7.299441e+00
    892.5071     5.891192e+01     7.304136e+00
    893.5497     5.902144e+01     7.317714e+00
    894.5924     5.908413e+01     7.325487e+00
    895.6350     5.909217e+01     7.326484e+00
    896.6777     5.914891e+01     7.333519e+00
    897.7203     5.942854e+01     7.368188e+00
    898.7630     6.011324e+01     7.453081e+00
    899.8056     6.132623e+01     7.603471e+00
    900.8483     6.307912e+01     7.820802e+00
    901.8909     6.525065e+01     8.090036e+00
    902.9336     6.761544e+01     8.383233e+00
    903.9762     6.991732e+01     8.668628e+00
    905.0189     7.196748e+01     8.922816e+00
    906.0615     7.371896e+01     9.139971e+00
    907.1042     7.528614e+01     9.334276e+00
    908.1468     7.689147e+01     9.533312e+00
    909.1895     7.876324e+01     9.765382e+00
    910.2321     8.101879e+01     1.004503e+01
    911.2748     8.358166e+01     1.036279e+01
    912.3174     8.615781e+01     1.068219e+01
    913.3601     8.829679e+01     1.094739e+01
    914.4027     8.952213e+01     1.109931e+01
    915.4453     8.949721e+01     1.109622e+01
    916.4880     8.814547e+01     1.092863e+01
    917.5306     8.565279e+01     1.061958e+01
    918.5733     8.234480e+01     1.020944e+01
    919.6159     7.854179e+01     9.737925e+00
    920.6586     7.455230e+01     9.243292e+00
    921.7012     7.090619e+01     8.791233e+00
    922.7439     6.873191e+01     8.521658e+00
    923.7865     7.002923e+01     8.682504e+00
    924.8292     7.758049e+01     9.618740e+00
    925.8718     9.441454e+01     1.170589e+01
    926.9145     1.229743e+02     1.524685e+01
    927.9571     1.641881e+02     2.035670e+01
    928.9998     2.167166e+02     2.686939e+01
    930.0424     2.764851e+02     3.427973e+01
    931.0851     3.368786e+02     4.176756e+01
    932.1277     3.897373e+02     4.832119e+01
    933.1704     4.273729e+02     5.298741e+01
    934.2130     4.450082e+02     5.517390e+01
    935.2557     4.428551e+02     5.490695e+01
    936.2983     4.267400e+02     5.290894e+01
    937.3410     4.068712e+02     5.044552e+01
    938.3836     3.950894e+02     4.898476e+01
    939.4263     4.015530e+02     4.978614e+01
    940.4689     4.319062e+02     5.354946e+01
    941.5116     4.856873e+02     6.021746e+01
    942.5542     5.561737e+02     6.895664e+01
    943.5969     6.318693e+02     7.834169e+01
    944.6395     6.992026e+02     8.668994e+01
    945.6822     7.461055e+02     9.250514e+01
    946.7248     7.653065e+02     9.488577e+01
    947.7674     7.563393e+02     9.377398e+01
    948.8101     7.254282e+02     8.994149e+01
    949.8527     6.833098e+02     8.471949e+01
    950.8954     6.418527e+02     7.957947e+01
    951.9380     6.107733e+02     7.572611e+01
    952.9807     5.953511e+02     7.381401e+01
    954.0233     5.956854e+02     7.385546e+01
    955.0660     6.072141e+02     7.528483e+01
    956.1086     6.222328e+02     7.714691e+01
    957.1513     6.319553e+02     7.835234e+01
    958.1939     6.287235e+02     7.795165e+01
    959.2366     6.078787e+02     7.536723e+01
    960.2792     5.687729e+02     7.051874e+01
    961.3219     5.145925e+02     6.380124e+01
    962.3645     4.511827e+02     5.593944e+01
    963.4072     3.852890e+02     4.776967e+01
    964.4498     3.230028e+02     4.004718e+01
    965.4925     2.686737e+02     3.331125e+01
    966.5351     2.245590e+02     2.784173e+01
    967.5778     1.908948e+02     2.366790e+01
    968.6204     1.663643e+02     2.062651e+01
    969.6631     1.487017e+02     1.843663e+01
    970.7057     1.354207e+02     1.679000e+01
    971.7484     1.244323e+02     1.542761e+01
    972.7910     1.144426e+02     1.418905e+01
    973.8337     1.049961e+02     1.301783e+01
    974.8763     9.625760e+01     1.193440e+01
    975.9190     8.865592e+01     1.099192e+01
    976.9616     8.258749e+01     1.023953e+01
    978.0043     7.824370e+01     9.700967e+00
    979.0469     7.558750e+01     9.371641e+00
    980.0896     7.441241e+01     9.225948e+00
    981.1322     7.443368e+01     9.228586e+00
    982.1748     7.535739e+01     9.343110e+00
    983.2175     7.691208e+01     9.535868e+00
    984.2601     7.884926e+01     9.776047e+00
    985.3028     8.094326e+01     1.003567e+01
    986.3454     8.300891e+01     1.029178e+01
    987.3881     8.494510e+01     1.053183e+01
    988.4307     8.677834e+01     1.075913e+01
    989.4734     8.869016e+01     1.099616e+01
    990.5160     9.100298e+01     1.128291e+01
    991.5587     9.412631e+01     1.167016e+01
    992.6013     9.845983e+01     1.220744e+01
    993.6440     1.042857e+02     1.292976e+01
    994.6866     1.116808e+02     1.384663e+01
    995.7293     1.205076e+02     1.494101e+01
    996.7719     1.304820e+02     1.617768e+01
    997.8146     1.413155e+02     1.752086e+01
    998.8572     1.528476e+02     1.895065e+01
    999.8999     1.651466e+02     2.047554e+01
   1000.9425     1.785163e+02     2.213316e+01
   1001.9852     1.934353e+02     2.398288e+01
   1003.0278     2.103960e+02     2.608574e+01
   1004.0705     2.297048e+02     2.847972e+01
   1005.1131     2.512489e+02     3.115085e+01
   1006.1558     2.743650e+02     3.401687e+01
   1007.1984     2.978232e+02     3.692531e+01
   1008.2411     3.200085e+02     3.967593e+01
   1009.2837     3.391713e+02     4.205182e+01
   1010.3264     3.537213e+02     4.385578e+01
   1011.3690     3.624320e+02     4.493576e+01
   1012.4117     3.645908e+02     4.520343e+01
   1013.4543     3.600663e+02     4.464246e+01
   1014.4970     3.492999e+02     4.330760e+01
   1015.5396     3.332049e+02     4.131207e+01
   1016.5822     3.129621e+02     3.880230e+01
   1017.6249     2.898030e+02     3.593094e+01
   1018.6675     2.648663e+02     3.283919e+01
   1019.7102     2.391474e+02     2.965046e+01
   1020.7528     2.135682e+02     2.647904e+01
   1021.7955     1.890190e+02     2.343533e+01
   1022.8381     1.663959e+02     2.063043e+01
   1023.8808     1.465488e+02     1.816971e+01
   1024.9234     1.302327e+02     1.614677e+01
   1025.9661     1.180041e+02     1.463062e+01
   1027.0087     1.101315e+02     1.365455e+01
   1028.0514     1.065014e+02     1.320447e+01
   1029.0940     1.066164e+02     1.321873e+01
   1030.1367     1.097030e+02     1.360142e+01
   1031.1793     1.149186e+02     1.424807e+01
   1032.2220     1.215724e+02     1.507303e+01
   1033.2646     1.292532e+02     1.602532e+01
   1034.3073     1.378218e+02     1.708770e+01
   1035.3499     1.472630e+02     1.825825e+01
   1036.3926     1.575045e+02     1.952804e+01
   1037.4352     1.683076e+02     2.086745e+01
   1038.4779     1.793655e+02     2.223845e+01
   1039.5205     1.905738e+02     2.362810e+01
   1040.5632     2.023536e+02     2.508861e+01
   1041.6058     2.157639e+02     2.675127e+01
   1042.6485     2.323081e+02     2.880249e+01
   1043.6911     2.534729e+02     3.142658e+01
   1044.7338     2.802814e+02     3.475041e+01
   1045.7764     3.130370e+02     3.881158e+01
   1046.8191     3.514177e+02     4.357017e+01
   1047.8617     3.947742e+02     4.894569e+01
   1048.9044     4.426221e+02     5.487806e+01
   1049.9470     4.950556e+02     6.137898e+01
   1050.9896     5.529904e+02     6.856196e+01
   1052.0323     6.178598e+02     7.660473e+01
   1053.0749     6.906499e+02     8.562954e+01
   1054.1176     7.705508e+02     9.553597e+01
   1055.1602     8.536823e+02     1.058430e+02
   1056.2029     9.327792e+02     1.156497e+02
   1057.2455     9.980083e+02     1.237371e+02
   1058.2882     1.038953e+03     1.288135e+02
   1059.3308     1.047013e+03     1.298129e+02
   1060.3735     1.017851e+03     1.261972e+02
   1061.4161     9.532451e+02     1.181871e+02
   1062.4588     8.619753e+02     1.068711e+02
   1063.5014     7.592810e+02     9.413870e+01
   1064.5441     6.644771e+02     8.238453e+01
   1065.5867     5.973045e+02     7.405620e+01
   1066.6294     5.738560e+02     7.114897e+01
   1067.6720     6.036764e+02     7.484621e+01
   1068.7147     6.888682e+02     8.540863e+01
   1069.7573     8.253526e+02     1.023305e+02
   1070.8000     1.005700e+03     1.246908e+02
   1071.8426     1.222156e+03     1.515278e+02
   1072.8853     1.469098e+03     1.821446e+02
   1073.9279     1.743500e+03     2.161661e+02
   1074.9706     2.043656e+03     2.533806e+02
   1076.0132     2.365794e+03     2.933207e+02
   1077.0559     2.700655e+03     3.348380e+02
   1078.0985     3.030722e+03     3.757611e+02
   1079.1412     3.330657e+03     4.129482e+02
   1080.1838     3.570496e+03     4.426844e+02
   1081.2265     3.722116e+03     4.614829e+02
   1082.2691     3.766564e+03     4.669937e+02
   1083.3117     3.700505e+03     4.588034e+02
   1084.3544     3.539131e+03     4.387956e+02
   1085.3970     3.314121e+03     4.108979e+02
   1086.4397     3.066623e+03     3.802121e+02
   1087.4823     2.837618e+03     3.518192e+02
   1088.5250     2.658283e+03     3.295845e+02
   1089.5676     2.543915e+03     3.154047e+02
   1090.6103     2.492018e+03     3.089703e+02
   1091.6529     2.485076e+03     3.081097e+02
   1092.6956     2.496343e+03     3.095065e+02
   1093.7382     2.497640e+03     3.096674e+02
   1094.7809     2.467423e+03     3.059210e+02
   1095.8235     2.397288e+03     2.972253e+02
   1096.8662     2.294952e+03     2.845373e+02
   1097.9088     2.182808e+03     2.706333e+02
   1098.9515     2.092385e+03     2.594223e+02
   1099.9941     2.056882e+03     2.550205e+02
   1101.0368     2.103835e+03     2.608419e+02
   1102.0794     2.249737e+03     2.789314e+02
   1103.1221     2.497301e+03     3.096253e+02
   1104.1647     2.835192e+03     3.515184e+02
   1105.2074     3.240482e+03     4.017679e+02
   1106.2500     3.682674e+03     4.565927e+02
   1107.2927     4.129396e+03     5.119791e+02
   1108.3353     4.551314e+03     5.642901e+02
   1109.3780     4.926039e+03     6.107501e+02
   1110.4206     5.238893e+03     6.495389e+02
   1111.4633     5.481682e+03     6.796408e+02
   1112.5059     5.649465e+03     7.004433e+02
   1113.5486     5.737675e+03     7.113799e+02
   1114.5912     5.740322e+03     7.117081e+02
   1115.6339     5.650481e+03     7.005693e+02
   1116.6765     5.462604e+03     6.772755e+02
   1117.7191     5.175658e+03     6.416988e+02
   1118.7618     4.795955e+03     5.946217e+02
   1119.8044     4.338718e+03     5.379316e+02
   1120.8471     3.827432e+03     4.745404e+02
   1121.8897     3.291819e+03     4.081329e+02
   1122.9324     2.763563e+03     3.426376e+02
   1123.9750     2.271987e+03     2.816900e+02
   1125.0177     1.839264e+03     2.280393e+02
   1126.0603     1.478038e+03     1.832531e+02
   1127.1030     1.190605e+03     1.476160e+02
   1128.1456     9.709741e+02     1.203853e+02
   1129.1883     8.077375e+02     1.001465e+02
   1130.2309     6.875682e+02     8.524746e+01
   1131.2736     5.977877e+02     7.411611e+01
   1132.3162     5.281747e+02     6.548521e+01
   1133.3589     4.715959e+02     5.847035e+01
   1134.4015     4.239417e+02     5.256198e+01
   1135.4442     3.833624e+02     4.753081e+01
   1136.4868     3.493283e+02     4.331112e+01
   1137.5295     3.217075e+02     3.988659e+01
   1138.5721     3.002655e+02     3.722811e+01
   1139.6148     2.845167e+02     3.527552e+01
   1140.6574     2.738573e+02     3.395392e+01
   1141.7001     2.676998e+02     3.319049e+01
   1142.7427     2.655906e+02     3.292898e+01
   1143.7854     2.673565e+02     3.314792e+01
   1144.8280     2.734225e+02     3.390001e+01
   1145.8707     2.852535e+02     3.536687e+01
   1146.9133     3.056928e+02     3.790101e+01
   1147.9560     3.388893e+02     4.201686e+01
   1148.9986     3.896210e+02     4.830676e+01
   1150.0413     4.622371e+02     5.731000e+01
   1151.0839     5.595394e+02     6.937394e+01
   1152.1265     6.822223e+02     8.458465e+01
   1153.1692     8.289095e+02     1.027715e+02
   1154.2118     9.966810e+02     1.235725e+02
   1155.2545     1.181862e+03     1.465320e+02
   1156.2971     1.380327e+03     1.711385e+02
   1157.3398     1.587612e+03     1.968385e+02
   1158.3824     1.798414e+03     2.229746e+02
   1159.4251     2.006464e+03     2.487694e+02
   1160.4677     2.204595e+03     2.733346e+02
   1161.5104     2.385873e+03     2.958101e+02
   1162.5530     2.544962e+03     3.155345e+02
   1163.5957     2.679766e+03     3.322481e+02
   1164.6383     2.792116e+03     3.461778e+02
   1165.6810     2.887502e+03     3.580041e+02
   1166.7236     2.973277e+03     3.686388e+02
   1167.7663     3.055924e+03     3.788857e+02
   1168.8089     3.137742e+03     3.890298e+02
   1169.8516     3.214395e+03     3.985335e+02
   1170.8942     3.274506e+03     4.059864e+02
   1171.9369     3.302473e+03     4.094539e+02
   1172.9795     3.283897e+03     4.071507e+02
   1174.0222     3.211810e+03     3.982130e+02
   1175.0648     3.091044e+03     3.832400e+02
   1176.1075     2.938822e+03     3.643669e+02
   1177.1501     2.781500e+03     3.448616e+02
   1178.1928     2.648311e+03     3.283482e+02
   1179.2354     2.564287e+03     3.179305e+02
   1180.2781     2.544216e+03     3.154420e+02
   1181.3207     2.590113e+03     3.211325e+02
   1182.3634     2.693730e+03     3.339794e+02
   1183.4060     2.843569e+03     3.525571e+02
   1184.4487     3.033440e+03     3.760981e+02
   1185.4913     3.267532e+03     4.051216e+02
   1186.5339     3.558927e+03     4.412500e+02
   1187.5766     3.921334e+03     4.861826e+02
   1188.6192     4.357552e+03     5.402667e+02
   1189.6619     4.849695e+03     6.012846e+02
   1190.7045     5.354042e+03     6.638156e+02
   1191.7472     5.803430e+03     7.195324e+02
   1192.7898     6.116867e+03     7.583937e+02
   1193.8325     6.216860e+03     7.707912e+02
   1194.8751     6.049824e+03     7.500814e+02
   1195.9178     5.604070e+03     6.948150e+02
   1196.9604     4.917273e+03     6.096632e+02
   1198.0031     4.069276e+03     5.045251e+02
   1199.0457     3.163439e+03     3.922158e+02
   1200.0884     2.302127e+03     2.854269e+02
   1201.1310     1.566727e+03     1.942490e+02
   1202.1737     1.004794e+03     1.245784e+02
   1203.2163     6.276381e+02     7.781708e+01
   1204.2590     4.148284e+02     5.143209e+01
   1205.3016     3.250504e+02     4.030104e+01
   1206.3443     3.094524e+02     3.836715e+01
   1207.3869     3.247231e+02     4.026047e+01
   1208.4296     3.417026e+02     4.236565e+01
   1209.4722     3.474242e+02     4.307504e+01
   1210.5149     3.410955e+02     4.229038e+01
   1211.5575     3.272272e+02     4.057094e+01
   1212.6002     3.096305e+02     3.838922e+01
   1213.6428     2.887366e+02     3.579872e+01
   1214.6855     2.624379e+02     3.253811e+01
   1215.7281     2.293473e+02     2.843539e+01
   1216.7708     1.927779e+02     2.390138e+01
   1217.8134     1.641336e+02     2.034994e+01
   1218.8560     1.642725e+02     2.036717e+01
   1219.8987     2.219982e+02     2.752422e+01
   1220.9413     3.689703e+02     4.574641e+01
   1221.9840     6.316451e+02     7.831389e+01
   1223.0266     1.021690e+03     1.266732e+02
   1224.0693     1.527864e+03     1.894306e+02
   1225.1119     2.111817e+03     2.618315e+02
   1226.1546     2.710869e+03     3.361043e+02
   1227.1972     3.247137e+03     4.025930e+02
   1228.2399     3.642702e+03     4.516368e+02
   1229.2825     3.835719e+03     4.755678e+02
   1230.3252     3.794547e+03     4.704631e+02
   1231.3678     3.525124e+03     4.370589e+02
   1232.4105     3.069975e+03     3.806278e+02
   1233.4531     2.499154e+03     3.098551e+02
   1234.4958     1.894920e+03     2.349398e+02
   1235.5384     1.335372e+03     1.655648e+02
   1236.5811     8.798967e+02     1.090931e+02
   1237.6237     5.611899e+02     6.957857e+01
   1238.6664     3.835237e+02     4.755080e+01
   1239.7090     3.276385e+02     4.062193e+01
   1240.7517     3.591128e+02     4.452424e+01
   1241.7943     4.381428e+02     5.432269e+01
   1242.8370     5.281300e+02     6.547967e+01
   1243.8796     6.015359e+02     7.458083e+01
   1244.9223     6.424678e+02     7.965573e+01
   1245.9649     6.461667e+02     8.011433e+01
   1247.0076     6.164106e+02     7.642505e+01
   1248.0502     5.620748e+02     6.968828e+01
   1249.0929     4.937882e+02     6.122184e+01
   1250.1355     4.214570e+02     5.225392e+01
   1251.1782     3.526777e+02     4.372639e+01
   1252.2208     2.921620e+02     3.622342e+01
   1253.2634     2.418097e+02     2.998053e+01
   1254.3061     2.013298e+02     2.496167e+01
   1255.3487     1.691197e+02     2.096814e+01
   1256.3914     1.431249e+02     1.774520e+01
   1257.4340     1.215885e+02     1.507503e+01
   1258.4767     1.034465e+02     1.282572e+01
   1259.5193     8.838239e+01     1.095800e+01
   1260.5620     7.652578e+01     9.487973e+00
   1261.6046     6.802798e+01     8.434381e+00
   1262.6473     6.271212e+01     7.775300e+00
   1263.6899     6.000318e+01     7.439434e+00
   1264.7326     5.909613e+01     7.326974e+00
   1265.7752     5.921830e+01     7.342122e+00
   1266.8179     5.979831e+01     7.414033e+00
   1267.8605     6.048445e+01     7.499104e+00
   1268.9032     6.107210e+01     7.571964e+00
   1269.9458     6.143796e+01     7.617323e+00
   1270.9885     6.152658e+01     7.628311e+00
   1272.0311     6.136207e+01     7.607915e+00
   1273.0738     6.103642e+01     7.567539e+00
   1274.1164     6.065654e+01     7.520441e+00
   1275.1591     6.027811e+01     7.473521e+00
   1276.2017     5.987632e+01     7.423705e+00
   1277.2444     5.938676e+01     7.363008e+00
   1278.2870     5.881212e+01     7.291762e+00
   1279.3297     5.834770e+01     7.234181e+00
   1280.3723     5.846134e+01     7.248271e+00
   1281.4150     5.986994e+01     7.422915e+00
   1282.4576     6.340022e+01     7.860613e+00
   1283.5003     6.976885e+01     8.650221e+00
   1284.5429     7.933672e+01     9.836484e+00
   1285.5856     9.191354e+01     1.139581e+01
   1286.6282     1.066290e+02     1.322028e+01
   1287.6708     1.219474e+02     1.511953e+01
   1288.7135     1.358364e+02     1.684153e+01
   1289.7561     1.461270e+02     1.811741e+01
   1290.7988     1.510231e+02     1.872445e+01
   1291.8414     1.495720e+02     1.854454e+01
   1292.8841     1.419414e+02     1.759846e+01
   1293.9267     1.293602e+02     1.603859e+01
   1294.9694     1.137693e+02     1.410558e+01
   1296.0120     9.734747e+01     1.206953e+01
   1297.0547     8.205614e+01     1.017365e+01
   1298.0973     6.933966e+01     8.597008e+00
   1299.1400     5.995091e+01     7.432953e+00
   1300.1826     5.393551e+01     6.687140e+00
   1301.2253     5.073872e+01     6.290789e+00
   1302.2679     4.945086e+01     6.131115e+00
   1303.3106     4.910816e+01     6.088626e+00
   1304.3532     4.895207e+01     6.069273e+00
   1305.3959     4.854855e+01     6.019243e+00
   1306.4385     4.775926e+01     5.921384e+00
   1307.4812     4.662959e+01     5.781323e+00
   1308.5238     4.528263e+01     5.614322e+00
   1309.5665     4.386024e+01     5.437968e+00
   1310.6091     4.250496e+01     5.269935e+00
   1311.6518     4.134979e+01     5.126712e+00
   1312.6944     4.050220e+01     5.021625e+00
   1313.7371     4.001504e+01     4.961225e+00
   1314.7797     3.984725e+01     4.940422e+00
   1315.8224     3.982927e+01     4.938192e+00
   1316.8650     3.968996e+01     4.920921e+00
   1317.9077     3.921961e+01     4.862604e+00
   1318.9503     3.859137e+01     4.784712e+00
   1319.9929     3.872399e+01     4.801155e+00
   1321.0356     4.146852e+01     5.141433e+00
   1322.0782     4.940269e+01     6.125143e+00
   1323.1209     6.521085e+01     8.085102e+00
   1324.1635     9.080994e+01     1.125898e+01
   1325.2062     1.265302e+02     1.568772e+01
   1326.2488     1.705664e+02     2.114750e+01
   1327.2915     2.189019e+02     2.714033e+01
   1328.3341     2.657126e+02     3.294411e+01
   1329.3768     3.043755e+02     3.773769e+01
   1330.4194     3.288657e+02     4.077409e+01
   1331.4621     3.353209e+02     4.157443e+01
   1332.5047     3.231485e+02     4.006525e+01
   1333.5474     2.952600e+02     3.660752e+01
   1334.5900     2.572817e+02     3.189881e+01
   1335.6327     2.160380e+02     2.678526e+01
   1336.6753     1.779613e+02     2.206435e+01
   1337.7180     1.478519e+02     1.833127e+01
   1338.7606     1.283280e+02     1.591062e+01
   1339.8033     1.198335e+02     1.485744e+01
   1340.8459     1.211326e+02     1.501850e+01
   1341.8886     1.300566e+02     1.612494e+01
   1342.9312     1.443184e+02     1.789317e+01
   1343.9739     1.621346e+02     2.010209e+01
   1345.0165     1.824189e+02     2.261703e+01
   1346.0592     2.045457e+02     2.536040e+01
   1347.1018     2.278275e+02     2.824697e+01
   1348.1445     2.510871e+02     3.113079e+01
   1349.1871     2.725112e+02     3.378703e+01
   1350.2298     2.899194e+02     3.594537e+01
   1351.2724     3.012600e+02     3.735142e+01
   1352.3151     3.051817e+02     3.783765e+01
   1353.3577     3.014467e+02     3.737456e+01
   1354.4003     2.910735e+02     3.608846e+01
   1355.4430     2.761655e+02     3.424010e+01
   1356.4856     2.594735e+02     3.217056e+01
   1357.5283     2.438041e+02     3.022781e+01
   1358.5709     2.314599e+02     2.869732e+01
   1359.6136     2.238373e+02     2.775225e+01
   1360.6562     2.214220e+02     2.745278e+01
   1361.6989     2.243805e+02     2.781959e+01
   1362.7415     2.339294e+02     2.900350e+01
   1363.7842     2.543291e+02     3.153274e+01
   1364.8268     2.947352e+02     3.654245e+01
   1365.8695     3.697981e+02     4.584905e+01
   1366.9121     4.977928e+02     6.171834e+01
   1367.9548     6.961690e+02     8.631382e+01
   1368.9974     9.751718e+02     1.209057e+02
   1370.0401     1.331865e+03     1.651300e+02
   1371.0827     1.746056e+03     2.164830e+02
   1372.1254     2.180488e+03     2.703456e+02
   1373.1680     2.584900e+03     3.204862e+02
   1374.2107     2.904642e+03     3.601291e+02
   1375.2533     3.091236e+03     3.832638e+02
   1376.2960     3.113487e+03     3.860226e+02
   1377.3386     2.965270e+03     3.676460e+02
   1378.3813     2.667748e+03     3.307581e+02
   1379.4239     2.264868e+03     2.808074e+02
   1380.4666     1.813014e+03     2.247847e+02
   1381.5092     1.368833e+03     1.697134e+02
   1382.5519     9.779555e+02     1.212508e+02
   1383.5945     6.684928e+02     8.288242e+01
   1384.6372     4.491687e+02     5.568973e+01
   1385.6798     3.122827e+02     3.871806e+01
   1386.7225     2.393082e+02     2.967039e+01
   1387.7651     2.077726e+02     2.576048e+01
   1388.8077     1.973236e+02     2.446496e+01
   1389.8504     1.937620e+02     2.402339e+01
   1390.8930     1.901664e+02     2.357759e+01
   1391.9357     1.855127e+02     2.300061e+01
   1392.9783     1.818928e+02     2.255180e+01
   1394.0210     1.818090e+02     2.254141e+01
   1395.0636     1.865109e+02     2.312437e+01
   1396.1063     1.955879e+02     2.424977e+01
   1397.1489     2.074204e+02     2.571681e+01
   1398.1916     2.199359e+02     2.726853e+01
   1399.2342     2.312602e+02     2.867257e+01
   1400.2769     2.401480e+02     2.977451e+01
   1401.3195     2.461622e+02     3.052017e+01
   1402.3622     2.496714e+02     3.095526e+01
   1403.4048     2.516683e+02     3.120285e+01
   1404.4475     2.534558e+02     3.142446e+01
   1405.4901     2.562411e+02     3.176979e+01
   1406.5328     2.607450e+02     3.232821e+01
   1407.5754     2.669508e+02     3.309763e+01
   1408.6181     2.741188e+02     3.398635e+01
   1409.6607     2.810773e+02     3.484909e+01
   1410.7034     2.866881e+02     3.554474e+01
   1411.7460     2.902618e+02     3.598782e+01
   1412.7887     2.917604e+02     3.617362e+01
   1413.8313     2.917301e+02     3.616986e+01
   1414.8740     2.910720e+02     3.608827e+01
   1415.9166     2.907923e+02     3.605359e+01
   1416.9593     2.918284e+02     3.618206e+01
   1418.0019     2.949637e+02     3.657078e+01
   1419.0446     3.008091e+02     3.729552e+01
   1420.0872     3.098284e+02     3.841376e+01
   1421.1299     3.224001e+02     3.997245e+01
   1422.1725     3.388360e+02     4.201025e+01
   1423.2151     3.592934e+02     4.454663e+01
   1424.2578     3.835101e+02     4.754912e+01
   1425.3004     4.104652e+02     5.089112e+01
   1426.3431     4.381961e+02     5.432930e+01
   1427.3857     4.639276e+02     5.751960e+01
   1428.4284     4.846197e+02     6.008509e+01
   1429.4710     4.976961e+02     6.170635e+01
   1430.5137     5.017499e+02     6.220896e+01
   1431.5563     4.969176e+02     6.160983e+01
   1432.5990     4.848595e+02     6.011482e+01
   1433.6416     4.683157e+02     5.806365e+01
   1434.6843     4.503579e+02     5.583718e+01
   1435.7269     4.335865e+02     5.375779e+01
   1436.7696     4.195536e+02     5.201793e+01
   1437.8122     4.087304e+02     5.067603e+01
   1438.8549     4.010150e+02     4.971944e+01
   1439.8975     3.965475e+02     4.916555e+01
   1440.9402     3.963646e+02     4.914287e+01
   1441.9828     4.025585e+02     4.991081e+01
   1443.0255     4.178479e+02     5.180645e+01
   1444.0681     4.447193e+02     5.513807e+01
   1445.1108     4.844485e+02     6.006386e+01
   1446.1534     5.362551e+02     6.648705e+01
   1447.1961     5.969674e+02     7.401441e+01
   1448.2387     6.613126e+02     8.199218e+01
   1449.2814     7.230560e+02     8.964737e+01
   1450.3240     7.765564e+02     9.628057e+01
   1451.3667     8.183876e+02     1.014670e+02
   1452.4093     8.482934e+02     1.051748e+02
   1453.4520     8.692621e+02     1.077746e+02
   1454.4946     8.866854e+02     1.099348e+02
   1455.5372     9.069996e+02     1.124534e+02
   1456.5799     9.361743e+02     1.160706e+02
   1457.6225     9.783385e+02     1.212983e+02
   1458.6652     1.034724e+03     1.282892e+02
   1459.7078     1.103051e+03     1.367607e+02
   1460.7505     1.177779e+03     1.460258e+02
   1461.7931     1.251412e+03     1.551550e+02
   1462.8358     1.316967e+03     1.632828e+02
   1463.8784     1.370704e+03     1.699453e+02
   1464.9211     1.414460e+03     1.753703e+02
   1465.9637     1.457008e+03     1.806457e+02
   1467.0064     1.515289e+03     1.878716e+02
   1468.0490     1.615943e+03     2.003510e+02
   1469.0917     1.796784e+03     2.227725e+02
   1470.1343     2.105800e+03     2.610855e+02
   1471.1770     2.596302e+03     3.218999e+02
   1472.2196     3.318158e+03     4.113985e+02
   1473.2623     4.309614e+03     5.343232e+02
   1474.3049     5.591435e+03     6.932484e+02
   1475.3476     7.165994e+03     8.884686e+02
   1476.3902     9.015290e+03     1.117752e+03
   1477.4329     1.109912e+04     1.376113e+03
   1478.4755     1.334972e+04     1.655152e+03
   1479.5182     1.567259e+04     1.943150e+03
   1480.5608     1.795012e+04     2.225528e+03
   1481.6035     2.005302e+04     2.486253e+03
   1482.6461     2.184808e+04     2.708812e+03
   1483.6888     2.320707e+04     2.877306e+03
   1484.7314     2.401368e+04     2.977312e+03
   1485.7741     2.417828e+04     2.997720e+03
   1486.8167     2.365670e+04     2.933052e+03
   1487.8594     2.246674e+04     2.785517e+03
   1488.9020     2.069359e+04     2.565674e+03
   1489.9446     1.847788e+04     2.290961e+03
   1490.9873     1.599439e+04     1.983048e+03
   1492.0299     1.342888e+04     1.664966e+03
   1493.0726     1.095564e+04     1.358324e+03
   1494.1152     8.721759e+03     1.081359e+03
   1495.1579     6.829800e+03     8.467859e+02
   1496.2005     5.329130e+03     6.607269e+02
   1497.2432     4.213691e+03     5.224303e+02
   1498.2858     3.434945e+03     4.258783e+02
   1499.3285     2.920472e+03     3.620919e+02
   1500.3711     2.594000e+03     3.216144e+02
   1501.4138     2.387406e+03     2.960001e+02
   1502.4564     2.245994e+03     2.784674e+02
   1503.4991     2.129260e+03     2.639941e+02
   1504.5417     2.011274e+03     2.493658e+02
   1505.5844     1.880339e+03     2.331320e+02
   1506.6270     1.736837e+03     2.153400e+02
   1507.6697     1.588343e+03     1.969291e+02
   1508.7123     1.444115e+03     1.790471e+02
   1509.7550     1.310974e+03     1.625398e+02
   1510.7976     1.192097e+03     1.478009e+02
   1511.8403     1.087531e+03     1.348365e+02
   1512.8829     9.953536e+02     1.234079e+02
   1513.9256     9.123425e+02     1.131159e+02
   1514.9682     8.346996e+02     1.034894e+02
   1516.0109     7.589134e+02     9.409313e+01
   1517.0535     6.829379e+02     8.467337e+01
   1518.0962     6.068412e+02     7.523860e+01
   1519.1388     5.327346e+02     6.605056e+01
   1520.1815     4.637951e+02     5.750317e+01
   1521.2241     4.031679e+02     4.998637e+01
   1522.2668     3.531170e+02     4.378085e+01
   1523.3094     3.149462e+02     3.904829e+01
   1524.3520     2.894639e+02     3.588889e+01
   1525.3947     2.777733e+02     3.443944e+01
   1526.4373     2.818615e+02     3.494631e+01
   1527.4800     3.046285e+02     3.776906e+01
   1528.5226     3.491878e+02     4.329370e+01
   1529.5653     4.175686e+02     5.177183e+01
   1530.6079     5.091462e+02     6.312599e+01
   1531.6506     6.194571e+02     7.680277e+01
   1532.6932     7.397785e+02     9.172070e+01
   1533.7359     8.579746e+02     1.063751e+02
   1534.7785     9.602638e+02     1.190573e+02
   1535.8212     1.033762e+03     1.281699e+02
   1536.8638     1.068883e+03     1.325244e+02
   1537.9065     1.061260e+03     1.315792e+02
   1538.9491     1.012536e+03     1.255383e+02
   1539.9918     9.299689e+02     1.153013e+02
   1541.0344     8.249668e+02     1.022827e+02
   1542.0771     7.108167e+02     8.812990e+01
   1543.1197     6.002766e+02     7.442469e+01
   1544.1624     5.032662e+02     6.239696e+01
   1545.2050     4.255111e+02     5.275657e+01
   1546.2477     3.684134e+02     4.567737e+01
   1547.2903     3.307673e+02     4.100985e+01
   1548.3330     3.118277e+02     3.866165e+01
   1549.3756     3.147851e+02     3.902832e+01
   1550.4183     3.489372e+02     4.326263e+01
   1551.4609     4.292922e+02     5.322536e+01
   1552.5036     5.733056e+02     7.108072e+01
   1553.5462     7.954581e+02     9.862408e+01
   1554.5889     1.101515e+03     1.365702e+02
   1555.6315     1.483504e+03     1.839308e+02
   1556.6742     1.917707e+03     2.377650e+02
   1557.7168     2.365656e+03     2.933035e+02
   1558.7594     2.779945e+03     3.446687e+02
   1559.8021     3.113056e+03     3.859691e+02
   1560.8447     3.327499e+03     4.125567e+02
   1561.8874     3.404380e+03     4.220887e+02
   1562.9300     3.346783e+03     4.149476e+02
   1563.9727     3.177848e+03     3.940024e+02
   1565.0153     2.934097e+03     3.637811e+02
   1566.0580     2.656559e+03     3.293708e+02
   1567.1006     2.382500e+03     2.953919e+02
   1568.1433     2.138989e+03     2.652004e+02
   1569.1859     1.940163e+03     2.405492e+02
   1570.2286     1.787599e+03     2.216337e+02
   1571.2712     1.673933e+03     2.075410e+02
   1572.3139     1.587754e+03     1.968561e+02
   1573.3565     1.518436e+03     1.882618e+02
   1574.3992     1.459061e+03     1.809002e+02
   1575.4418     1.407149e+03     1.744639e+02
   1576.4845     1.363361e+03     1.690350e+02
   1577.5271     1.329388e+03     1.648228e+02
   1578.5698     1.305831e+03     1.619022e+02
   1579.6124     1.290944e+03     1.600565e+02
   1580.6551     1.280372e+03     1.587457e+02
   1581.6977     1.267938e+03     1.572040e+02
   1582.7404     1.247070e+03     1.546167e+02
   1583.7830     1.212444e+03     1.503237e+02
   1584.8257     1.161249e+03     1.439763e+02
   1585.8683     1.093841e+03     1.356187e+02
   1586.9110     1.013500e+03     1.256578e+02
   1587.9536     9.256458e+02     1.147653e+02
   1588.9963     8.365838e+02     1.037230e+02
   1590.0389     7.524347e+02     9.328986e+01
   1591.0815     6.782515e+02     8.409234e+01
   1592.1242     6.176084e+02     7.657356e+01
   1593.1668     5.724983e+02     7.098062e+01
   1594.2095     5.433637e+02     6.736840e+01
   1595.2521     5.293023e+02     6.562502e+01
   1596.2948     5.282095e+02     6.548952e+01
   1597.3374     5.369403e+02     6.657200e+01
   1598.3801     5.515470e+02     6.838300e+01
   1599.4227     5.678875e+02     7.040896e+01
   1600.4654     5.828165e+02     7.225992e+01
   1601.5080     5.957115e+02     7.385869e+01
   1602.5507     6.097182e+02     7.559531e+01
   1603.5933     6.318986e+02     7.834531e+01
   1604.6360     6.720071e+02     8.331813e+01
   1605.6786     7.401149e+02     9.176240e+01
   1606.7213     8.438342e+02     1.046219e+02
   1607.7639     9.857206e+02     1.222136e+02
   1608.8066     1.161914e+03     1.440587e+02
   1609.8492     1.362718e+03     1.689553e+02
   1610.8919     1.576340e+03     1.954410e+02
   1611.9345     1.794855e+03     2.225333e+02
   1612.9772     2.020835e+03     2.505512e+02
   1614.0198     2.270905e+03     2.815559e+02
   1615.0625     2.574837e+03     3.192386e+02
   1616.1051     2.969689e+03     3.681940e+02
   1617.1478     3.492020e+03     4.329546e+02
   1618.1904     4.169237e+03     5.169186e+02
   1619.2331     5.012610e+03     6.214835e+02
   1620.2757     6.010566e+03     7.452140e+02
   1621.3184     7.126050e+03     8.835161e+02
   1622.3610     8.297119e+03     1.028710e+03
   1623.4037     9.445078e+03     1.171039e+03
   1624.4463     1.048479e+04     1.299946e+03
   1625.4889     1.133687e+04     1.405590e+03
   1626.5316     1.193594e+04     1.479865e+03
   1627.5742     1.223638e+04     1.517115e+03
   1628.6169     1.221755e+04     1.514780e+03
   1629.6595     1.188767e+04     1.473881e+03
   1630.7022     1.128537e+04     1.399206e+03
   1631.7448     1.047534e+04     1.298774e+03
   1632.7875     9.537368e+03     1.182481e+03
   1633.8301     8.553894e+03     1.060546e+03
   1634.8728     7.598571e+03     9.421012e+02
   1635.9154     6.730831e+03     8.345153e+02
   1636.9581     5.992325e+03     7.429525e+02
   1638.0007     5.405714e+03     6.702220e+02
   1639.0434     4.973105e+03     6.165854e+02
   1640.0860     4.678123e+03     5.800125e+02
   1641.1287     4.490999e+03     5.568120e+02
   1642.1713     4.376439e+03     5.426085e+02
   1643.2140     4.300060e+03     5.331386e+02
   1644.2566     4.232290e+03     5.247363e+02
   1645.2993     4.150473e+03     5.145922e+02
   1646.3419     4.041770e+03     5.011148e+02
   1647.3846     3.906722e+03     4.843710e+02
   1648.4272     3.760901e+03     4.662916e+02
   1649.4699     3.631057e+03     4.501929e+02
   1650.5125     3.545966e+03     4.396431e+02
   1651.5552     3.525353e+03     4.370874e+02
   1652.5978     3.572079e+03     4.428806e+02
   1653.6405     3.670416e+03     4.550729e+02
   1654.6831     3.789767e+03     4.698705e+02
   1655.7258     3.891915e+03     4.825352e+02
   1656.7684     3.939405e+03     4.884232e+02
   1657.8111     3.903956e+03     4.840281e+02
   1658.8537     3.773144e+03     4.678095e+02
   1659.8963     3.553025e+03     4.405182e+02
   1660.9390     3.265360e+03     4.048523e+02
   1661.9816     2.940208e+03     3.645387e+02
   1663.0243     2.606954e+03     3.232206e+02
   1664.0669     2.288257e+03     2.837073e+02
   1665.1096     1.997732e+03     2.476868e+02
   1666.1522     1.741383e+03     2.159036e+02
   1667.1949     1.519575e+03     1.884030e+02
   1668.2375     1.329252e+03     1.648060e+02
   1669.2802     1.165737e+03     1.445327e+02
   1670.3228     1.025307e+03     1.271216e+02
   1671.3655     9.073998e+02     1.125031e+02
   1672.4081     8.156235e+02     1.011243e+02
   1673.4508     7.563369e+02     9.377367e+01
   1674.4934     7.357893e+02     9.122610e+01
   1675.5361     7.570718e+02     9.386480e+01
   1676.5787     8.181270e+02     1.014347e+02
   1677.6214     9.107610e+02     1.129198e+02
   1678.6640     1.020273e+03     1.264975e+02
   1679.7067     1.126192e+03     1.396297e+02
   1680.7493     1.204912e+03     1.493898e+02
   1681.7920     1.234890e+03     1.531065e+02
   1682.8346     1.202777e+03     1.491251e+02
   1683.8773     1.107920e+03     1.373643e+02
   1684.9199     9.629128e+02     1.193858e+02
   1685.9626     7.897043e+02     9.791070e+01
   1687.0052     6.133092e+02     7.604053e+01
   1688.0479     4.549776e+02     5.640994e+01
   1689.0905     3.271858e+02     4.056580e+01
   1690.1332     2.313913e+02     2.868882e+01
   1691.1758     1.599870e+02     1.983583e+01
   1692.2184     1.024409e+02     1.270103e+01
   1693.2611     5.413419e+01     6.711774e+00
   1694.3037     2.388345e+01     2.961166e+00
   1695.3464     3.591479e+01     4.452859e+00
   1696.3890     1.241692e+02     1.539500e+01
   1697.4317     3.206790e+02     3.975906e+01
   1698.4743     6.422707e+02     7.963129e+01
   1699.5170     1.080385e+03     1.339505e+02
   1700.5596     1.596726e+03     1.979685e+02
   1701.6023     2.126735e+03     2.636811e+02
   1702.6449     2.590336e+03     3.211603e+02
   1703.6876     2.909751e+03     3.607626e+02
   1704.7302     3.029105e+03     3.755605e+02
   1705.7729     2.930378e+03     3.633200e+02
   1706.8155     2.638448e+03     3.271253e+02
   1707.8582     2.213078e+03     2.743863e+02
   1708.9008     1.731459e+03     2.146732e+02
   1709.9435     1.267774e+03     1.571837e+02
   1710.9861     8.777590e+02     1.088281e+02
   1712.0288     5.904838e+02     7.321055e+01
   1713.0714     4.085014e+02     5.064763e+01
   1714.1141     3.133761e+02     3.885362e+01
   1715.1567     2.751710e+02     3.411680e+01
   1716.1994     2.628501e+02     3.258921e+01
   1717.2420     2.530870e+02     3.137874e+01
   1718.2847     2.346142e+02     2.908840e+01
   1719.3273     2.072709e+02     2.569827e+01
   1720.3700     1.770774e+02     2.195476e+01
   1721.4126     1.506154e+02     1.867390e+01
   1722.4553     1.314282e+02     1.629499e+01
   1723.4979     1.194941e+02     1.481535e+01
   1724.5406     1.127366e+02     1.397753e+01
   1725.5832     1.089032e+02     1.350225e+01
   1726.6258     1.066051e+02     1.321732e+01
   1727.6685     1.053685e+02     1.306401e+01
   1728.7111     1.051505e+02     1.303698e+01
   1729.7538     1.058615e+02     1.312514e+01
   1730.7964     1.071628e+02     1.328647e+01
   1731.8391     1.085317e+02     1.345619e+01
   1732.8817     1.094437e+02     1.356927e+01
   1733.9244     1.095244e+02     1.357927e+01
   1734.9670     1.086009e+02     1.346477e+01
   1736.0097     1.066797e+02     1.322658e+01
   1737.0523     1.038999e+02     1.288192e+01
   1738.0950     1.004843e+02     1.245844e+01
   1739.1376     9.668748e+01     1.198770e+01
   1740.1803     9.273064e+01     1.149712e+01
   1741.2229     8.875490e+01     1.100419e+01
   1742.2656     8.480876e+01     1.051493e+01
   1743.3082     8.088402e+01     1.002832e+01
   1744.3509     7.696796e+01     9.542796e+00
   1745.3935     7.309804e+01     9.062987e+00
   1746.4362     6.939405e+01     8.603752e+00
   1747.4788     6.607929e+01     8.192775e+00
   1748.5215     6.347988e+01     7.870489e+00
   1749.5641     6.200178e+01     7.687229e+00
   1750.6068     6.206082e+01     7.694549e+00
   1751.6494     6.397528e+01     7.931911e+00
   1752.6921     6.786087e+01     8.413662e+00
   1753.7347     7.359196e+01     9.124225e+00
   1754.7774     8.087567e+01     1.002729e+01
   1755.8200     8.939211e+01     1.108319e+01
   1756.8627     9.892903e+01     1.226562e+01
   1757.9053     1.094033e+02     1.356426e+01
   1758.9480     1.207768e+02     1.497439e+01
   1759.9906     1.328887e+02     1.647608e+01
   1761.0332     1.453107e+02     1.801620e+01
   1762.0759     1.572417e+02     1.949545e+01
   1763.1185     1.674879e+02     2.076582e+01
   1764.1612     1.745676e+02     2.164359e+01
   1765.2038     1.769638e+02     2.194068e+01
   1766.2465     1.735410e+02     2.151631e+01
   1767.2891     1.639791e+02     2.033078e+01
   1768.3318     1.490344e+02     1.847788e+01
   1769.3744     1.304604e+02     1.617500e+01
   1770.4171     1.105789e+02     1.371002e+01
   1771.4597     9.170603e+01     1.137008e+01
   1772.5024     7.562401e+01     9.376167e+00
   1773.5450     6.330089e+01     7.848297e+00
   1774.5877     5.483436e+01     6.798583e+00
   1775.6303     4.961581e+01     6.151567e+00
   1776.6730     4.661329e+01     5.779302e+00
   1777.7156     4.473010e+01     5.545817e+00
   1778.7583     4.312632e+01     5.346973e+00
   1779.8009     4.140848e+01     5.133989e+00
   1780.8436     3.961611e+01     4.911764e+00
   1781.8862     3.804157e+01     4.716546e+00
   1782.9289     3.698824e+01     4.585951e+00
   1783.9715     3.659559e+01     4.537267e+00
   1785.0142     3.678964e+01     4.561327e+00
   1786.0568     3.734121e+01     4.629712e+00
   1787.0995     3.795499e+01     4.705812e+00
   1788.1421     3.832115e+01     4.751210e+00
   1789.1848     3.811957e+01     4.726217e+00
   1790.2274     3.703476e+01     4.591718e+00
   1791.2701     3.485858e+01     4.321906e+00
   1792.3127     3.170047e+01     3.930351e+00
   1793.3554     2.820304e+01     3.496725e+00
   1794.3980     2.561165e+01     3.175434e+00
   1795.4406     2.557141e+01     3.170445e+00
   1796.4833     2.969485e+01     3.681686e+00
   1797.5259     3.904661e+01     4.841154e+00
   1798.5686     5.372295e+01     6.660786e+00
   1799.6112     7.261953e+01     9.003660e+00
   1800.6539     9.343995e+01     1.158506e+01
   1801.6965     1.129661e+02     1.400599e+01
   1802.7392     1.276752e+02     1.582968e+01
   1803.7818     1.345934e+02     1.668743e+01
   1804.8245     1.321851e+02     1.638884e+01
   1805.8671     1.208512e+02     1.498362e+01
   1806.9098     1.028067e+02     1.274638e+01
   1807.9524     8.138829e+01     1.009085e+01
   1808.9951     6.010190e+01     7.451674e+00
   1810.0377     4.183501e+01     5.186872e+00
   1811.0804     2.838618e+01     3.519433e+00
   1812.1230     2.035814e+01     2.524084e+00
   1813.1657     1.727112e+01     2.141343e+00
   1814.2083     1.786990e+01     2.215582e+00
   1815.2510     2.055849e+01     2.548924e+00
   1816.2936     2.387856e+01     2.960560e+00
   1817.3363     2.686435e+01     3.330749e+00
   1818.3789     2.913497e+01     3.612270e+00
   1819.4216     3.073513e+01     3.810664e+00
   1820.4642     3.186678e+01     3.950971e+00
   1821.5069     3.269297e+01     4.053406e+00
   1822.5495     3.328723e+01     4.127084e+00
   1823.5922     3.368214e+01     4.176046e+00
   1824.6348     3.391839e+01     4.205338e+00
   1825.6775     3.404364e+01     4.220866e+00
   1826.7201     3.407632e+01     4.224918e+00
   1827.7627     3.397992e+01     4.212966e+00
   1828.8054     3.367129e+01     4.174701e+00
   1829.8480     3.305792e+01     4.098654e+00
   1830.8907     3.208426e+01     3.977934e+00
   1831.9333     3.077023e+01     3.815017e+00
   1832.9760     2.922782e+01     3.623782e+00
   1834.0186     2.764736e+01     3.427830e+00
   1835.0613     2.625102e+01     3.254707e+00
   1836.1039     2.523126e+01     3.128272e+00
   1837.1466     2.469418e+01     3.061683e+00
   1838.1892     2.463313e+01     3.054115e+00
   1839.2319     2.493586e+01     3.091647e+00
   1840.2745     2.542032e+01     3.151714e+00
   1841.3172     2.588504e+01     3.209331e+00
   1842.3598     2.616002e+01     3.243424e+00
   1843.4025     2.614773e+01     3.241900e+00
   1844.4451     2.584307e+01     3.204128e+00
   1845.4878     2.532618e+01     3.140041e+00
   1846.5304     2.473002e+01     3.066127e+00
   1847.5731     2.419487e+01     2.999777e+00
   1848.6157     2.382865e+01     2.954371e+00
   1849.6584     2.368465e+01     2.936517e+00
   1850.7010     2.375924e+01     2.945766e+00
   1851.7437     2.400161e+01     2.975816e+00
   1852.7863     2.432921e+01     3.016432e+00
   1853.8290     2.464713e+01     3.055850e+00
   1854.8716     2.487078e+01     3.083579e+00
   1855.9143     2.494839e+01     3.093201e+00
   1856.9569     2.487472e+01     3.084068e+00
   1857.9996     2.468877e+01     3.061013e+00
   1859.0422     2.445557e+01     3.032099e+00
   1860.0849     2.423919e+01     3.005272e+00
   1861.1275     2.407839e+01     2.985335e+00
   1862.1701     2.397240e+01     2.972194e+00
   1863.2128     2.387985e+01     2.960719e+00
   1864.2554     2.373003e+01     2.942144e+00
   1865.2981     2.344303e+01     2.906561e+00
   1866.3407     2.295498e+01     2.846050e+00
   1867.3834     2.224085e+01     2.757509e+00
   1868.4260     2.132733e+01     2.644248e+00
   1869.4687     2.028884e+01     2.515492e+00
   1870.5113     1.922907e+01     2.384097e+00
   1871.5540     1.825409e+01     2.263215e+00
   1872.5966     1.745050e+01     2.163582e+00
   1873.6393     1.687296e+01     2.091977e+00
   1874.6819     1.654469e+01     2.051277e+00
   1875.7246     1.646394e+01     2.041265e+00
   1876.7672     1.661304e+01     2.059751e+00
   1877.8099     1.696594e+01     2.103505e+00
   1878.8525     1.749351e+01     2.168915e+00
   1879.8952     1.816619e+01     2.252318e+00
   1880.9378     1.895270e+01     2.349831e+00
   1881.9805     1.981723e+01     2.457020e+00
   1883.0231     2.071756e+01     2.568646e+00
   1884.0658     2.161045e+01     2.679350e+00
   1885.1084     2.246252e+01     2.784994e+00
   1886.1511     2.326379e+01     2.884338e+00
   1887.1937     2.403327e+01     2.979741e+00
   1888.2364     2.481522e+01     3.076690e+00
   1889.2790     2.566622e+01     3.182201e+00
   1890.3217     2.664220e+01     3.303206e+00
   1891.3643     2.778718e+01     3.445165e+00
   1892.4070     2.912642e+01     3.611210e+00
   1893.4496     3.065863e+01     3.801180e+00
   1894.4923     3.235239e+01     4.011179e+00
   1895.5349     3.414640e+01     4.233608e+00
   1896.5775     3.596110e+01     4.458601e+00
   1897.6202     3.771357e+01     4.675879e+00
   1898.6628     3.932932e+01     4.876206e+00
   1899.7055     4.074638e+01     5.051900e+00
   1900.7481     4.190897e+01     5.196042e+00
   1901.7908     4.276318e+01     5.301950e+00
   1902.8334     4.325745e+01     5.363231e+00
   1903.8761     4.335175e+01     5.374923e+00
   1904.9187     4.302759e+01     5.334733e+00
   1905.9614     4.229470e+01     5.243867e+00
   1907.0040     4.119277e+01     5.107245e+00
   1908.0467     3.979000e+01     4.933323e+00
   1909.0893     3.818177e+01     4.733928e+00
   1910.1320     3.648373e+01     4.523399e+00
   1911.1746     3.481934e+01     4.317041e+00
   1912.2173     3.329783e+01     4.128398e+00
   1913.2599     3.199422e+01     3.966771e+00
   1914.3026     3.093577e+01     3.835541e+00
   1915.3452     3.010387e+01     3.732398e+00
   1916.3879     2.944442e+01     3.650637e+00
   1917.4305     2.888302e+01     3.581033e+00
   1918.4732     2.833728e+01     3.513369e+00
   1919.5158     2.772888e+01     3.437937e+00
   1920.5585     2.699558e+01     3.347020e+00
   1921.6011     2.610457e+01     3.236549e+00
   1922.6438     2.506060e+01     3.107113e+00
   1923.6864     2.390663e+01     2.964040e+00
   1924.7291     2.271286e+01     2.816031e+00
   1925.7717     2.156070e+01     2.673182e+00
   1926.8144     2.052288e+01     2.544509e+00
   1927.8570     1.964659e+01     2.435863e+00
   1928.8997     1.893995e+01     2.348251e+00
   1929.9423     1.836840e+01     2.277388e+00
   1930.9849     1.786263e+01     2.214680e+00
   1932.0276     1.733924e+01     2.149788e+00
   1933.0702     1.672727e+01     2.073913e+00
   1934.1129     1.599061e+01     1.982579e+00
   1935.1555     1.513998e+01     1.877116e+00
   1936.1982     1.423112e+01     1.764431e+00
   1937.2408     1.335279e+01     1.655532e+00
   1938.2835     1.260607e+01     1.562951e+00
   1939.3261     1.208083e+01     1.497830e+00
   1940.3688     1.183220e+01     1.467004e+00
   1941.4114     1.186710e+01     1.471331e+00
   1942.4541     1.214445e+01     1.505718e+00
   1943.4967     1.258945e+01     1.560891e+00
   1944.5394     1.311431e+01     1.625965e+00
   1945.5820     1.363569e+01     1.690607e+00
   1946.6247     1.408520e+01     1.746339e+00
   1947.6673     1.441327e+01     1.787015e+00
   1948.7100     1.459167e+01     1.809133e+00
   1949.7526     1.461457e+01     1.811972e+00
   1950.7953     1.449715e+01     1.797415e+00
   1951.8379     1.426911e+01     1.769141e+00
   1952.8806     1.396543e+01     1.731490e+00
   1953.9232     1.361986e+01     1.688644e+00
   1954.9659     1.326357e+01     1.644470e+00
   1956.0085     1.292806e+01     1.602873e+00
   1957.0512     1.264570e+01     1.567864e+00
   1958.0938     1.244554e+01     1.543048e+00
   1959.1365     1.234537e+01     1.530629e+00
   1960.1791     1.234564e+01     1.530662e+00
   1961.2218     1.242884e+01     1.540977e+00
   1962.2644     1.256351e+01     1.557675e+00
   1963.3070     1.270976e+01     1.575807e+00
   1964.3497     1.282327e+01     1.589880e+00
   1965.3923     1.285937e+01     1.594356e+00
   1966.4350     1.277932e+01     1.584431e+00
   1967.4776     1.255893e+01     1.557107e+00
   1968.5203     1.219643e+01     1.512162e+00
   1969.5629     1.171488e+01     1.452458e+00
   1970.6056     1.115710e+01     1.383302e+00
   1971.6482     1.057582e+01     1.311233e+00
   1972.6909     1.002252e+01     1.242632e+00
   1973.7335     9.539455e+00     1.182740e+00
   1974.7762     9.154448e+00     1.135005e+00
   1975.8188     8.879167e+00     1.100875e+00
   1976.8615     8.709194e+00     1.079801e+00
   1977.9041     8.627182e+00     1.069632e+00
   1978.9468     8.608078e+00     1.067264e+00
   1979.9894     8.625670e+00     1.069445e+00
   1981.0321     8.658128e+00     1.073469e+00
   1982.0747     8.691337e+00     1.077587e+00
   1983.1174     8.719946e+00     1.081134e+00
   1984.1600     8.747292e+00     1.084524e+00
   1985.2027     8.784416e+00     1.089127e+00
   1986.2453     8.846065e+00     1.096771e+00
   1987.2880     8.945481e+00     1.109096e+00
   1988.3306     9.090627e+00     1.127092e+00
   1989.3733     9.283174e+00     1.150965e+00
   1990.4159     9.519192e+00     1.180228e+00
   1991.4586     9.791529e+00     1.213993e+00
   1992.5012     1.006183e+01     1.247506e+00
   1993.5439     1.033588e+01     1.281484e+00
   1994.5865     1.061851e+01     1.316526e+00
   1995.6292     1.091065e+01     1.352745e+00
   1996.6718     1.121167e+01     1.390067e+00
   1997.7144     1.152057e+01     1.428367e+00
   1998.7571     1.183623e+01     1.467503e+00
   1999.7997     1.215744e+01     1.507328e+00
